s,a,r,s'
"[9, 3, 0, 0, 0, 0, 0, 0, 0, 0]",3,-0.2,"[9, 4, 0, 0, 0, 0, 0, 0, 0, 0]"
"[9, 4, 0, 0, 0, 0, 0, 0, 0, 0]",2,0,"[8, 4, 0, 0, 0, 0, 0, 0, 0, 0]"
"[8, 4, 0, 0, 0, 0, 0, 0, 0, 0]",0,0,"[9, 4, 0, 0, 0, 0, 0, 0, 0, 0]"
"[9, 4, 0, 0, 0, 0, 0, 0, 0, 0]",0,0,"[10, 4, 0, 0, 0, 0, 0, 0, 0, 0]"
"[10, 4, 0, 0, 0, 0, 0, 0, 0, 0]",0,0,"[10, 4, 0, 0, 0, 0, 0, 0, 0, 0]"
"[10, 4, 0, 0, 0, 0, 0, 0, 0, 0]",3,0,"[10, 5, 0, 0, 0, 0, 0, 0, 0, 0]"
"[10, 5, 0, 0, 0, 0, 0, 0, 0, 0]",2,0,"[9, 5, 0, 0, 0, 0, 0, 0, 0, 0]"
"[9, 5, 0, 0, 0, 0, 0, 0, 0, 0]",0,0,"[10, 5, 0, 0, 0, 0, 0, 0, 0, 0]"
"[10, 5, 0, 0, 0, 0, 0, 0, 0, 0]",0,0,"[10, 5, 0, 0, 0, 0, 0, 0, 0, 0]"
"[10, 5, 0, 0, 0, 0, 0, 0, 0, 0]",2,0,"[9, 5, 0, 0, 0, 0, 0, 0, 0, 0]"
"[9, 5, 0, 0, 0, 0, 0, 0, 0, 0]",1,0,"[9, 4, 0, 0, 0, 0, 0, 0, 0, 0]"
"[9, 4, 0, 0, 0, 0, 0, 0, 0, 0]",3,0,"[9, 5, 0, 0, 0, 0, 0, 0, 0, 0]"
"[9, 5, 0, 0, 0, 0, 0, 0, 0, 0]",0,0,"[10, 5, 0, 0, 0, 0, 0, 0, 0, 0]"
"[10, 5, 0, 0, 0, 0, 0, 0, 0, 0]",0,0,"[10, 5, 0, 0, 0, 0, 0, 0, 0, 0]"
"[10, 5, 0, 0, 0, 0, 0, 0, 0, 0]",3,-0.2,"[10, 6, 0, 0, 0, 0, 0, 0, 0, 0]"
"[10, 6, 0, 0, 0, 0, 0, 0, 0, 0]",0,0,"[10, 6, 0, 0, 0, 0, 0, 0, 0, 0]"
"[10, 6, 0, 0, 0, 0, 0, 0, 0, 0]",0,0,"[10, 6, 0, 0, 0, 0, 0, 0, 0, 0]"
"[10, 6, 0, 0, 0, 0, 0, 0, 0, 0]",1,0,"[10, 5, 0, 0, 0, 0, 0, 0, 0, 0]"
"[10, 5, 0, 0, 0, 0, 0, 0, 0, 0]",0,0,"[10, 5, 0, 0, 0, 0, 0, 0, 0, 0]"
"[10, 5, 0, 0, 0, 0, 0, 0, 0, 0]",4,0,"[10, 5, 0, 0, 0, 0, 0, 0, 0, 0]"
"[10, 5, 0, 0, 0, 0, 0, 0, 0, 0]",3,0,"[10, 6, 0, 0, 0, 0, 0, 0, 0, 0]"
"[10, 6, 0, 0, 0, 0, 0, 0, 0, 0]",0,0,"[10, 6, 0, 0, 0, 0, 0, 0, 0, 0]"
"[10, 6, 0, 0, 0, 0, 0, 0, 0, 0]",2,0,"[9, 6, 0, 0, 0, 0, 0, 0, 0, 0]"
"[9, 6, 0, 0, 0, 0, 0, 0, 0, 0]",3,0,"[9, 7, 0, 0, 0, 0, 0, 0, 0, 0]"
"[9, 7, 0, 0, 0, 0, 0, 0, 0, 0]",0,0,"[10, 7, 0, 0, 0, 0, 0, 0, 0, 0]"
"[10, 7, 0, 0, 0, 0, 0, 0, 0, 0]",4,0,"[10, 7, 0, 0, 0, 0, 0, 0, 0, 0]"
"[10, 7, 0, 0, 0, 0, 0, 0, 0, 0]",0,0,"[10, 7, 0, 0, 0, 0, 0, 0, 0, 0]"
"[10, 7, 0, 0, 0, 0, 0, 0, 0, 0]",3,0,"[10, 8, 0, 0, 0, 0, 0, 0, 0, 0]"
"[10, 8, 0, 0, 0, 0, 0, 0, 0, 0]",0,0,"[10, 8, 0, 0, 0, 0, 0, 0, 0, 0]"
"[10, 8, 0, 0, 0, 0, 0, 0, 0, 0]",2,0,"[9, 8, 0, 0, 0, 0, 0, 0, 0, 0]"
"[9, 8, 0, 0, 0, 0, 0, 0, 0, 0]",3,0,"[9, 9, 0, 0, 0, 0, 0, 0, 0, 0]"
"[9, 9, 0, 0, 0, 0, 0, 0, 0, 0]",0,0,"[10, 9, 0, 0, 0, 0, 0, 0, 0, 0]"
"[10, 9, 0, 0, 0, 0, 0, 0, 0, 0]",1,0,"[10, 8, 0, 0, 0, 0, 0, 0, 0, 0]"
"[10, 8, 0, 0, 0, 0, 0, 0, 0, 0]",2,0,"[9, 8, 0, 0, 0, 0, 0, 0, 0, 0]"
"[9, 8, 0, 0, 0, 0, 0, 0, 0, 0]",3,0,"[9, 9, 0, 0, 0, 0, 0, 0, 0, 0]"
"[9, 9, 0, 0, 0, 0, 0, 0, 0, 0]",2,0,"[8, 9, 0, 0, 0, 0, 0, 0, 0, 0]"
"[8, 9, 0, 0, 0, 0, 0, 0, 0, 0]",3,-0.2,"[8, 10, 0, 0, 0, 0, 0, 0, 0, 0]"
"[8, 10, 0, 0, 0, 0, 0, 0, 0, 0]",4,0,"[8, 10, 0, 0, 0, 0, 0, 0, 0, 0]"
"[8, 10, 0, 0, 0, 0, 0, 0, 0, 0]",3,0,"[8, 10, 0, 0, 0, 0, 0, 0, 0, 0]"
"[8, 10, 0, 0, 0, 0, 0, 0, 0, 0]",0,0,"[9, 10, 0, 0, 0, 0, 0, 0, 0, 0]"
"[9, 10, 0, 0, 0, 0, 0, 0, 0, 0]",0,0,"[10, 10, 0, 0, 0, 0, 0, 0, 0, 0]"
"[10, 10, 0, 0, 0, 0, 0, 0, 0, 0]",3,0,"[10, 10, 0, 0, 0, 0, 0, 0, 0, 0]"
"[10, 10, 0, 0, 0, 0, 0, 0, 0, 0]",1,0,"[10, 9, 0, 0, 0, 0, 0, 0, 0, 0]"
"[10, 9, 0, 0, 0, 0, 0, 0, 0, 0]",1,0,"[10, 8, 0, 0, 0, 0, 0, 0, 0, 0]"
"[10, 8, 0, 0, 0, 0, 0, 0, 0, 0]",1,-0.2,"[10, 7, 0, 0, 0, 0, 0, 0, 0, 0]"
"[10, 7, 0, 0, 0, 0, 0, 0, 0, 0]",1,0,"[10, 6, 0, 0, 0, 0, 0, 0, 0, 0]"
"[10, 6, 0, 0, 0, 0, 0, 0, 0, 0]",1,0,"[10, 5, 0, 0, 0, 0, 0, 0, 0, 0]"
"[10, 5, 0, 0, 0, 0, 0, 0, 0, 0]",2,0,"[9, 5, 0, 0, 0, 0, 0, 0, 0, 0]"
"[9, 5, 0, 0, 0, 0, 0, 0, 0, 0]",1,0,"[9, 4, 0, 0, 0, 0, 0, 0, 0, 0]"
"[9, 4, 0, 0, 0, 0, 0, 0, 0, 0]",3,0,"[9, 5, 0, 0, 0, 0, 0, 0, 0, 0]"
"[9, 5, 0, 0, 0, 0, 0, 0, 0, 0]",0,0,"[10, 5, 0, 0, 0, 0, 0, 0, 0, 0]"
"[10, 5, 0, 0, 0, 0, 0, 0, 0, 0]",1,0,"[10, 4, 0, 0, 0, 0, 0, 0, 0, 0]"
"[10, 4, 0, 0, 0, 0, 0, 0, 0, 0]",2,0,"[9, 4, 0, 0, 0, 0, 0, 0, 0, 0]"
"[9, 4, 0, 0, 0, 0, 0, 0, 0, 0]",3,0,"[9, 5, 0, 0, 0, 0, 0, 0, 0, 0]"
"[9, 5, 0, 0, 0, 0, 0, 0, 0, 0]",1,0,"[9, 4, 0, 0, 0, 0, 0, 0, 0, 0]"
"[9, 4, 0, 0, 0, 0, 0, 0, 0, 0]",3,0,"[9, 5, 0, 0, 0, 0, 0, 0, 0, 0]"
"[9, 5, 0, 0, 0, 0, 0, 0, 0, 0]",1,0,"[9, 4, 0, 0, 0, 0, 0, 0, 0, 0]"
"[9, 4, 0, 0, 0, 0, 0, 0, 0, 0]",1,0,"[9, 3, 0, 0, 0, 0, 0, 0, 0, 0]"
"[9, 3, 0, 0, 0, 0, 0, 0, 0, 0]",2,0,"[8, 3, 0, 0, 0, 0, 0, 0, 0, 0]"
"[8, 3, 0, 0, 0, 0, 0, 0, 0, 0]",4,-0.2,"[8, 3, 0, 0, 0, 0, 0, 1, 0, 0]"
"[8, 3, 0, 0, 0, 0, 0, 1, 0, 0]",2,0,"[7, 3, 0, 0, 0, 0, 0, 0, 0, 0]"
"[7, 3, 0, 0, 0, 0, 0, 0, 0, 0]",4,0,"[7, 3, 0, 0, 0, 0, 0, 0, 0, 0]"
"[7, 3, 0, 0, 0, 0, 0, 0, 0, 0]",4,0,"[7, 3, 0, 0, 0, 0, 0, 0, 0, 0]"
"[7, 3, 0, 0, 0, 0, 0, 0, 0, 0]",0,0,"[8, 3, 0, 0, 0, 0, 0, 0, 0, 0]"
"[8, 3, 0, 0, 0, 0, 0, 0, 0, 0]",1,0,"[8, 2, 0, 0, 0, 0, 0, 0, 0, 0]"
"[8, 2, 0, 0, 0, 0, 0, 0, 0, 0]",1,0,"[8, 1, 0, 0, 0, 0, 0, 0, 0, 0]"
"[8, 1, 0, 0, 0, 0, 0, 0, 0, 0]",3,0,"[8, 2, 0, 0, 0, 0, 0, 0, 0, 0]"
"[8, 2, 0, 0, 0, 0, 0, 0, 0, 0]",4,0,"[8, 2, 0, 0, 0, 0, 0, 0, 0, 0]"
"[8, 2, 0, 0, 0, 0, 0, 0, 0, 0]",0,0,"[9, 2, 0, 0, 0, 0, 0, 0, 0, 0]"
"[9, 2, 0, 0, 0, 0, 0, 0, 0, 0]",1,-0.5,"[9, 1, 0, 0, 0, 0, 0, 1, 0, 0]"
"[9, 1, 0, 0, 0, 0, 0, 1, 0, 0]",0,-0.5,"[10, 1, 0, 0, 0, 1, 0, 0, 0, 0]"
"[10, 1, 0, 0, 0, 1, 0, 0, 0, 0]",4,-0.5,"[10, 1, 1, 0, 0, 0, 0, 0, 0, 0]"
"[10, 1, 1, 0, 0, 0, 0, 0, 0, 0]",4,-0.5,"[10, 1, 0, 0, 0, 1, 0, 0, 0, 0]"
"[10, 1, 0, 0, 0, 1, 0, 0, 0, 0]",2,-0.5,"[9, 1, 0, 0, 0, 0, 0, 1, 0, 0]"
"[9, 1, 0, 0, 0, 0, 0, 1, 0, 0]",0,-0.5,"[10, 1, 1, 0, 0, 0, 0, 0, 0, 0]"
"[10, 1, 1, 0, 0, 0, 0, 0, 0, 0]",0,-0.5,"[10, 1, 1, 0, 0, 0, 0, 0, 0, 0]"
"[10, 1, 1, 0, 0, 0, 0, 0, 0, 0]",2,-0.5,"[9, 1, 0, 0, 0, 1, 0, 0, 0, 0]"
"[9, 1, 0, 0, 0, 1, 0, 0, 0, 0]",1,-0.5,"[9, 1, 1, 0, 0, 0, 0, 0, 0, 0]"
"[9, 1, 1, 0, 0, 0, 0, 0, 0, 0]",2,-0.5,"[8, 1, 0, 0, 0, 1, 0, 0, 0, 0]"
"[8, 1, 0, 0, 0, 1, 0, 0, 0, 0]",1,-0.5,"[8, 1, 0, 0, 0, 1, 0, 0, 0, 0]"
"[8, 1, 0, 0, 0, 1, 0, 0, 0, 0]",2,-0.5,"[7, 1, 0, 0, 0, 0, 0, 0, 1, 0]"
"[7, 1, 0, 0, 0, 0, 0, 0, 1, 0]",2,0,"[6, 1, 0, 0, 0, 0, 0, 0, 0, 0]"
"[6, 1, 0, 0, 0, 0, 0, 0, 0, 0]",2,0,"[5, 1, 0, 0, 0, 0, 0, 0, 0, 0]"
"[5, 1, 0, 0, 0, 0, 0, 0, 0, 0]",1,0,"[5, 0, 0, 0, 0, 0, 0, 0, 0, 0]"
"[5, 0, 0, 0, 0, 0, 0, 0, 0, 0]",0,0,"[6, 0, 0, 0, 0, 0, 0, 0, 0, 0]"
"[6, 0, 0, 0, 0, 0, 0, 0, 0, 0]",1,0,"[6, 0, 0, 0, 0, 0, 0, 0, 0, 0]"
"[6, 0, 0, 0, 0, 0, 0, 0, 0, 0]",1,0,"[6, 0, 0, 0, 0, 0, 0, 0, 0, 0]"
"[6, 0, 0, 0, 0, 0, 0, 0, 0, 0]",3,0,"[6, 1, 0, 0, 0, 0, 0, 0, 0, 0]"
"[6, 1, 0, 0, 0, 0, 0, 0, 0, 0]",4,0,"[6, 1, 0, 0, 0, 0, 0, 0, 0, 1]"
"[6, 1, 0, 0, 0, 0, 0, 0, 0, 1]",0,-0.5,"[7, 1, 0, 0, 0, 0, 0, 0, 0, 0]"
"[7, 1, 0, 0, 0, 0, 0, 0, 0, 0]",1,0,"[7, 0, 0, 0, 0, 0, 0, 0, 0, 0]"
"[7, 0, 0, 0, 0, 0, 0, 0, 0, 0]",0,0,"[8, 0, 0, 0, 0, 0, 0, 0, 0, 0]"
"[8, 0, 0, 0, 0, 0, 0, 0, 0, 0]",0,0,"[9, 0, 0, 0, 0, 0, 0, 0, 0, 0]"
"[9, 0, 0, 0, 0, 0, 0, 0, 0, 0]",4,0,"[9, 0, 0, 0, 1, 0, 0, 0, 0, 0]"
"[9, 0, 0, 0, 1, 0, 0, 0, 0, 0]",1,-0.5,"[9, 0, 0, 0, 0, 0, 1, 0, 0, 0]"
"[9, 0, 0, 0, 0, 0, 1, 0, 0, 0]",2,-0.5,"[8, 0, 0, 0, 0, 0, 0, 0, 0, 1]"
"[8, 0, 0, 0, 0, 0, 0, 0, 0, 1]",4,-0.5,"[8, 0, 0, 0, 0, 0, 0, 0, 0, 0]"
"[8, 0, 0, 0, 0, 0, 0, 0, 0, 0]",1,0,"[8, 0, 0, 0, 0, 0, 0, 0, 0, 1]"
"[8, 0, 0, 0, 0, 0, 0, 0, 0, 1]",0,-0.5,"[9, 0, 0, 0, 1, 0, 0, 0, 0, 0]"
"[9, 0, 0, 0, 1, 0, 0, 0, 0, 0]",2,-0.5,"[8, 0, 0, 0, 0, 0, 1, 0, 0, 0]"
"[8, 0, 0, 0, 0, 0, 1, 0, 0, 0]",3,-0.5,"[8, 0, 0, 0, 0, 0, 1, 0, 0, 0]"
"[8, 0, 0, 0, 0, 0, 1, 0, 0, 0]",1,-0.5,"[8, 0, 0, 0, 1, 0, 0, 0, 0, 0]"
"[8, 0, 0, 0, 1, 0, 0, 0, 0, 0]",4,-0.5,"[8, 0, 0, 1, 0, 0, 0, 0, 0, 0]"
"[8, 0, 0, 1, 0, 0, 0, 0, 0, 0]",1,-0.5,"[8, 0, 0, 1, 0, 0, 0, 0, 0, 0]"
"[8, 0, 0, 1, 0, 0, 0, 0, 0, 0]",1,-0.5,"[8, 0, 0, 1, 0, 0, 0, 0, 0, 0]"
"[8, 0, 0, 1, 0, 0, 0, 0, 0, 0]",1,-0.5,"[8, 0, 0, 0, 1, 0, 0, 0, 0, 0]"
"[8, 0, 0, 0, 1, 0, 0, 0, 0, 0]",1,-0.5,"[8, 0, 0, 0, 0, 0, 0, 0, 0, 0]"
"[8, 0, 0, 0, 0, 0, 0, 0, 0, 0]",1,0,"[8, 0, 0, 0, 0, 0, 0, 0, 0, 0]"
"[8, 0, 0, 0, 0, 0, 0, 0, 0, 0]",0,0,"[9, 0, 0, 0, 0, 0, 0, 0, 0, 0]"
"[9, 0, 0, 0, 0, 0, 0, 0, 0, 0]",0,0,"[10, 0, 0, 0, 0, 0, 0, 0, 0, 0]"
"[10, 0, 0, 0, 0, 0, 0, 0, 0, 0]",1,0,"[10, 0, 0, 0, 0, 0, 0, 0, 0, 0]"
"[10, 0, 0, 0, 0, 0, 0, 0, 0, 0]",0,0,"[10, 0, 0, 0, 0, 0, 0, 0, 0, 0]"
"[10, 0, 0, 0, 0, 0, 0, 0, 0, 0]",1,0,"[10, 0, 0, 0, 0, 0, 0, 0, 0, 0]"
"[10, 0, 0, 0, 0, 0, 0, 0, 0, 0]",2,0,"[9, 0, 0, 0, 0, 0, 0, 0, 0, 0]"
"[9, 0, 0, 0, 0, 0, 0, 0, 0, 0]",2,0,"[8, 0, 0, 0, 0, 0, 0, 0, 0, 0]"
"[8, 0, 0, 0, 0, 0, 0, 0, 0, 0]",1,0,"[8, 0, 0, 0, 0, 0, 0, 0, 0, 0]"
"[8, 0, 0, 0, 0, 0, 0, 0, 0, 0]",2,0,"[7, 0, 0, 0, 0, 0, 0, 0, 0, 0]"
"[7, 0, 0, 0, 0, 0, 0, 0, 0, 0]",2,0,"[6, 0, 0, 0, 0, 0, 0, 0, 0, 0]"
"[6, 0, 0, 0, 0, 0, 0, 0, 0, 0]",0,0,"[7, 0, 0, 0, 0, 0, 0, 0, 0, 0]"
"[7, 0, 0, 0, 0, 0, 0, 0, 0, 0]",0,0,"[8, 0, 0, 0, 0, 0, 0, 0, 0, 0]"
"[8, 0, 0, 0, 0, 0, 0, 0, 0, 0]",1,0,"[8, 0, 0, 0, 0, 0, 0, 0, 0, 0]"
"[8, 0, 0, 0, 0, 0, 0, 0, 0, 0]",0,0,"[9, 0, 0, 0, 0, 0, 0, 0, 0, 0]"
"[9, 0, 0, 0, 0, 0, 0, 0, 0, 0]",4,0,"[9, 0, 0, 0, 0, 0, 0, 0, 0, 0]"
"[9, 0, 0, 0, 0, 0, 0, 0, 0, 0]",4,0,"[9, 0, 0, 0, 0, 0, 0, 0, 0, 0]"
"[9, 0, 0, 0, 0, 0, 0, 0, 0, 0]",2,0,"[8, 0, 0, 0, 0, 0, 0, 0, 0, 0]"
"[8, 0, 0, 0, 0, 0, 0, 0, 0, 0]",3,0,"[8, 1, 0, 0, 0, 0, 0, 0, 0, 0]"
"[8, 1, 0, 0, 0, 0, 0, 0, 0, 0]",4,-0.2,"[8, 1, 0, 0, 0, 0, 0, 0, 0, 0]"
"[8, 1, 0, 0, 0, 0, 0, 0, 0, 0]",4,0,"[8, 1, 0, 0, 0, 0, 0, 0, 0, 0]"
"[8, 1, 0, 0, 0, 0, 0, 0, 0, 0]",1,0,"[8, 0, 0, 0, 0, 0, 0, 0, 0, 0]"
"[8, 0, 0, 0, 0, 0, 0, 0, 0, 0]",4,0,"[8, 0, 0, 0, 0, 0, 0, 0, 0, 0]"
"[8, 0, 0, 0, 0, 0, 0, 0, 0, 0]",1,0,"[8, 0, 0, 0, 0, 0, 0, 0, 0, 0]"
"[8, 0, 0, 0, 0, 0, 0, 0, 0, 0]",1,0,"[8, 0, 0, 0, 0, 0, 0, 0, 0, 0]"
"[8, 0, 0, 0, 0, 0, 0, 0, 0, 0]",3,0,"[8, 1, 0, 0, 0, 0, 0, 0, 0, 0]"
"[8, 1, 0, 0, 0, 0, 0, 0, 0, 0]",4,0,"[8, 1, 0, 0, 0, 0, 0, 0, 0, 0]"
"[8, 1, 0, 0, 0, 0, 0, 0, 0, 0]",3,0,"[8, 2, 0, 0, 0, 0, 0, 0, 0, 0]"
"[8, 2, 0, 0, 0, 0, 0, 0, 0, 0]",4,0,"[8, 2, 0, 0, 0, 0, 0, 0, 0, 0]"
"[8, 2, 0, 0, 0, 0, 0, 0, 0, 0]",1,0,"[8, 1, 0, 0, 0, 0, 0, 0, 0, 0]"
"[8, 1, 0, 0, 0, 0, 0, 0, 0, 0]",0,0,"[9, 1, 0, 0, 0, 0, 0, 0, 0, 0]"
"[9, 1, 0, 0, 0, 0, 0, 0, 0, 0]",3,0,"[9, 2, 0, 0, 0, 0, 0, 0, 0, 0]"
"[9, 2, 0, 0, 0, 0, 0, 0, 0, 0]",4,0,"[9, 2, 0, 0, 0, 0, 0, 0, 0, 0]"
"[9, 2, 0, 0, 0, 0, 0, 0, 0, 0]",4,0,"[9, 2, 0, 0, 0, 0, 0, 0, 0, 0]"
"[9, 2, 0, 0, 0, 0, 0, 0, 0, 0]",4,0,"[9, 2, 0, 0, 0, 0, 0, 0, 0, 0]"
"[9, 2, 0, 0, 0, 0, 0, 0, 0, 0]",3,0,"[9, 3, 0, 0, 0, 0, 0, 0, 0, 0]"
"[9, 3, 0, 0, 0, 0, 0, 0, 0, 0]",4,0,"[9, 3, 0, 0, 0, 0, 0, 0, 0, 0]"
"[9, 3, 0, 0, 0, 0, 0, 0, 0, 0]",1,0,"[9, 2, 0, 0, 0, 0, 0, 0, 0, 0]"
"[9, 2, 0, 0, 0, 0, 0, 0, 0, 0]",3,0,"[9, 3, 0, 0, 0, 0, 0, 0, 0, 0]"
"[9, 3, 0, 0, 0, 0, 0, 0, 0, 0]",2,0,"[8, 3, 0, 0, 0, 0, 0, 0, 0, 0]"
"[8, 3, 0, 0, 0, 0, 0, 0, 0, 0]",4,0,"[8, 3, 0, 0, 0, 0, 0, 0, 0, 0]"
"[8, 3, 0, 0, 0, 0, 0, 0, 0, 0]",2,0,"[7, 3, 0, 0, 0, 0, 0, 0, 0, 0]"
"[7, 3, 0, 0, 0, 0, 0, 0, 0, 0]",3,0,"[7, 4, 0, 0, 0, 0, 0, 0, 0, 0]"
"[7, 4, 0, 0, 0, 0, 0, 0, 0, 0]",1,0,"[7, 3, 0, 0, 0, 0, 0, 0, 0, 0]"
"[7, 3, 0, 0, 0, 0, 0, 0, 0, 0]",0,0,"[8, 3, 0, 0, 0, 0, 0, 0, 0, 0]"
"[8, 3, 0, 0, 0, 0, 0, 0, 0, 0]",1,0,"[8, 2, 0, 0, 0, 0, 0, 0, 0, 0]"
"[8, 2, 0, 0, 0, 0, 0, 0, 0, 0]",4,0,"[8, 2, 0, 0, 0, 0, 0, 0, 0, 0]"
"[8, 2, 0, 0, 0, 0, 0, 0, 0, 0]",1,0,"[8, 1, 0, 0, 0, 0, 0, 0, 0, 0]"
"[8, 1, 0, 0, 0, 0, 0, 0, 0, 0]",2,0,"[7, 1, 0, 0, 0, 0, 0, 0, 0, 0]"
"[7, 1, 0, 0, 0, 0, 0, 0, 0, 0]",0,0,"[8, 1, 0, 0, 0, 0, 0, 0, 0, 0]"
"[8, 1, 0, 0, 0, 0, 0, 0, 0, 0]",3,0,"[8, 2, 0, 0, 0, 0, 0, 0, 0, 0]"
"[8, 2, 0, 0, 0, 0, 0, 0, 0, 0]",1,0,"[8, 1, 0, 0, 0, 0, 0, 0, 0, 0]"
"[8, 1, 0, 0, 0, 0, 0, 0, 0, 0]",0,0,"[9, 1, 0, 0, 0, 0, 0, 0, 0, 0]"
"[9, 1, 0, 0, 0, 0, 0, 0, 0, 0]",1,0,"[9, 0, 0, 0, 0, 0, 0, 0, 0, 0]"
"[9, 0, 0, 0, 0, 0, 0, 0, 0, 0]",0,0,"[10, 0, 0, 0, 0, 0, 0, 0, 0, 0]"
"[10, 0, 0, 0, 0, 0, 0, 0, 0, 0]",4,0,"[10, 0, 0, 0, 0, 0, 0, 0, 0, 0]"
"[10, 0, 0, 0, 0, 0, 0, 0, 0, 0]",1,0,"[10, 0, 0, 0, 0, 0, 0, 0, 0, 0]"
"[10, 0, 0, 0, 0, 0, 0, 0, 0, 0]",1,0,"[10, 0, 0, 0, 0, 0, 0, 0, 0, 0]"
"[10, 0, 0, 0, 0, 0, 0, 0, 0, 0]",4,0,"[10, 0, 0, 0, 0, 0, 0, 0, 0, 0]"
"[10, 0, 0, 0, 0, 0, 0, 0, 0, 0]",2,0,"[9, 0, 0, 0, 0, 0, 0, 0, 0, 0]"
"[9, 0, 0, 0, 0, 0, 0, 0, 0, 0]",4,0,"[9, 0, 0, 0, 0, 0, 0, 0, 0, 0]"
"[9, 0, 0, 0, 0, 0, 0, 0, 0, 0]",1,0,"[9, 0, 0, 0, 0, 0, 0, 0, 0, 0]"
"[9, 0, 0, 0, 0, 0, 0, 0, 0, 0]",4,-0.2,"[9, 0, 0, 0, 0, 0, 0, 0, 0, 0]"
"[9, 0, 0, 0, 0, 0, 0, 0, 0, 0]",3,0,"[9, 1, 0, 0, 0, 0, 0, 0, 0, 0]"
"[9, 1, 0, 0, 0, 0, 0, 0, 0, 0]",3,0,"[9, 2, 0, 0, 0, 0, 0, 0, 0, 0]"
"[9, 2, 0, 0, 0, 0, 0, 0, 0, 0]",1,0,"[9, 1, 0, 0, 0, 0, 0, 0, 0, 0]"
"[9, 1, 0, 0, 0, 0, 0, 0, 0, 0]",3,0,"[9, 2, 0, 0, 0, 0, 0, 0, 0, 0]"
"[9, 2, 0, 0, 0, 0, 0, 0, 0, 0]",3,0,"[9, 3, 0, 0, 0, 0, 0, 0, 0, 0]"
"[9, 3, 0, 0, 0, 0, 0, 0, 0, 0]",0,0,"[10, 3, 0, 0, 0, 0, 0, 0, 0, 0]"
"[10, 3, 0, 0, 0, 0, 0, 0, 0, 0]",0,0,"[10, 3, 0, 0, 0, 0, 0, 0, 0, 0]"
"[10, 3, 0, 0, 0, 0, 0, 0, 0, 0]",1,0,"[10, 2, 0, 0, 0, 0, 0, 0, 0, 0]"
"[10, 2, 0, 0, 0, 0, 0, 0, 0, 0]",0,0,"[10, 2, 0, 0, 0, 0, 0, 0, 0, 0]"
"[10, 2, 0, 0, 0, 0, 0, 0, 0, 0]",0,0,"[10, 2, 0, 0, 0, 0, 0, 0, 0, 0]"
"[10, 2, 0, 0, 0, 0, 0, 0, 0, 0]",1,0,"[10, 1, 0, 0, 0, 0, 0, 0, 0, 0]"
"[10, 1, 0, 0, 0, 0, 0, 0, 0, 0]",4,0,"[10, 1, 0, 0, 0, 0, 0, 0, 0, 0]"
"[10, 1, 0, 0, 0, 0, 0, 0, 0, 0]",3,0,"[10, 2, 0, 0, 0, 0, 0, 0, 0, 0]"
"[10, 2, 0, 0, 0, 0, 0, 0, 0, 0]",4,0,"[10, 2, 0, 0, 0, 0, 0, 0, 0, 0]"
"[10, 2, 0, 0, 0, 0, 0, 0, 0, 0]",4,0,"[10, 2, 0, 0, 0, 0, 0, 0, 0, 0]"
"[10, 2, 0, 0, 0, 0, 0, 0, 0, 0]",4,0,"[10, 2, 0, 0, 0, 0, 0, 0, 0, 0]"
"[10, 2, 0, 0, 0, 0, 0, 0, 0, 0]",0,0,"[10, 2, 0, 0, 0, 0, 0, 0, 0, 0]"
"[10, 2, 0, 0, 0, 0, 0, 0, 0, 0]",4,0,"[10, 2, 0, 0, 0, 0, 0, 0, 0, 0]"
"[10, 2, 0, 0, 0, 0, 0, 0, 0, 0]",2,0,"[9, 2, 0, 0, 0, 0, 0, 0, 0, 0]"
"[9, 2, 0, 0, 0, 0, 0, 0, 0, 0]",0,0,"[10, 2, 0, 0, 0, 0, 0, 0, 0, 0]"
"[10, 2, 0, 0, 0, 0, 0, 0, 0, 0]",3,0,"[10, 3, 0, 0, 0, 0, 0, 0, 0, 0]"
"[10, 3, 0, 0, 0, 0, 0, 0, 0, 0]",1,0,"[10, 2, 0, 0, 0, 0, 0, 0, 0, 0]"
"[10, 2, 0, 0, 0, 0, 0, 0, 0, 0]",3,0,"[10, 3, 0, 0, 0, 0, 0, 0, 0, 0]"
"[10, 3, 0, 0, 0, 0, 0, 0, 0, 0]",0,0,"[10, 3, 0, 0, 0, 0, 0, 0, 0, 0]"
"[10, 3, 0, 0, 0, 0, 0, 0, 0, 0]",3,0,"[10, 4, 0, 0, 0, 0, 0, 0, 0, 0]"
"[10, 4, 0, 0, 0, 0, 0, 0, 0, 0]",1,0,"[10, 3, 0, 0, 0, 0, 0, 0, 0, 0]"
"[10, 3, 0, 0, 0, 0, 0, 0, 0, 0]",0,0,"[10, 3, 0, 0, 0, 0, 0, 0, 0, 0]"
"[10, 3, 0, 0, 0, 0, 0, 0, 0, 0]",3,0,"[10, 4, 0, 0, 0, 0, 0, 0, 0, 0]"
"[10, 4, 0, 0, 0, 0, 0, 0, 0, 0]",2,0,"[9, 4, 0, 0, 0, 0, 0, 0, 0, 0]"
"[9, 4, 0, 0, 0, 0, 0, 0, 0, 0]",1,0,"[9, 3, 0, 0, 0, 0, 0, 0, 0, 0]"
"[9, 3, 0, 0, 0, 0, 0, 0, 0, 0]",1,0,"[9, 2, 0, 0, 0, 0, 0, 0, 0, 0]"
"[9, 2, 0, 0, 0, 0, 0, 0, 0, 0]",4,0,"[9, 2, 0, 0, 0, 0, 0, 0, 0, 0]"
"[9, 2, 0, 0, 0, 0, 0, 0, 0, 0]",4,0,"[9, 2, 0, 0, 0, 0, 0, 0, 0, 0]"
"[9, 2, 0, 0, 0, 0, 0, 0, 0, 0]",3,0,"[9, 3, 0, 0, 0, 0, 0, 0, 0, 0]"
"[9, 3, 0, 0, 0, 0, 0, 0, 0, 0]",2,0,"[8, 3, 0, 0, 0, 0, 0, 0, 0, 0]"
"[8, 3, 0, 0, 0, 0, 0, 0, 0, 0]",1,0,"[8, 2, 0, 0, 0, 0, 0, 0, 0, 0]"
"[8, 2, 0, 0, 0, 0, 0, 0, 0, 0]",3,0,"[8, 3, 0, 0, 0, 0, 0, 0, 0, 0]"
"[8, 3, 0, 0, 0, 0, 0, 0, 0, 0]",4,0,"[8, 3, 0, 0, 0, 0, 0, 0, 0, 0]"
"[8, 3, 0, 0, 0, 0, 0, 0, 0, 0]",2,0,"[7, 3, 0, 0, 0, 0, 0, 0, 0, 0]"
"[7, 3, 0, 0, 0, 0, 0, 0, 0, 0]",3,0,"[7, 4, 0, 0, 0, 0, 0, 0, 0, 0]"
"[7, 4, 0, 0, 0, 0, 0, 0, 0, 0]",2,0,"[6, 4, 0, 0, 0, 0, 0, 0, 0, 0]"
"[6, 4, 0, 0, 0, 0, 0, 0, 0, 0]",1,0,"[6, 3, 0, 0, 0, 0, 0, 0, 0, 0]"
"[6, 3, 0, 0, 0, 0, 0, 0, 0, 0]",2,0,"[5, 3, 0, 0, 0, 0, 0, 0, 0, 0]"
"[5, 3, 0, 0, 0, 0, 0, 0, 0, 0]",2,0,"[4, 3, 0, 0, 0, 0, 0, 0, 0, 0]"
"[4, 3, 0, 0, 0, 0, 0, 0, 0, 0]",1,0,"[4, 2, 0, 0, 0, 0, 0, 0, 0, 0]"
"[4, 2, 0, 0, 0, 0, 0, 0, 0, 0]",4,0,"[4, 2, 0, 0, 0, 0, 0, 0, 0, 0]"
"[4, 2, 0, 0, 0, 0, 0, 0, 0, 0]",1,0,"[4, 1, 0, 0, 0, 0, 0, 0, 0, 0]"
"[4, 1, 0, 0, 0, 0, 0, 0, 0, 0]",2,0,"[3, 1, 0, 0, 0, 0, 0, 0, 0, 0]"
"[3, 1, 0, 0, 0, 0, 0, 0, 0, 0]",4,0,"[3, 1, 0, 0, 0, 0, 0, 0, 0, 0]"
"[3, 1, 0, 0, 0, 0, 0, 0, 0, 0]",3,-0.5,"[3, 2, 0, 0, 0, 0, 0, 0, 0, 0]"
"[3, 2, 0, 0, 0, 0, 0, 0, 0, 0]",2,-0.5,"[2, 2, 0, 1, 0, 0, 0, 0, 0, 0]"
"[2, 2, 0, 1, 0, 0, 0, 0, 0, 0]",0,0,"[3, 2, 0, 0, 0, 0, 0, 0, 0, 0]"
"[3, 2, 0, 0, 0, 0, 0, 0, 0, 0]",2,-0.5,"[2, 2, 0, 0, 0, 0, 1, 0, 0, 0]"
"[2, 2, 0, 0, 0, 0, 1, 0, 0, 0]",3,-0.5,"[2, 2, 0, 0, 0, 0, 0, 0, 0, 1]"
"[2, 2, 0, 0, 0, 0, 0, 0, 0, 1]",3,-0.5,"[2, 3, 0, 0, 0, 0, 0, 0, 1, 0]"
"[2, 3, 0, 0, 0, 0, 0, 0, 1, 0]",3,-0.5,"[2, 4, 0, 0, 0, 0, 0, 1, 0, 0]"
"[2, 4, 0, 0, 0, 0, 0, 1, 0, 0]",4,-0.5,"[2, 4, 0, 0, 0, 0, 0, 0, 0, 0]"
"[2, 4, 0, 0, 0, 0, 0, 0, 0, 0]",3,0,"[2, 5, 0, 0, 0, 0, 0, 0, 0, 0]"
"[2, 5, 0, 0, 0, 0, 0, 0, 0, 0]",4,0,"[2, 5, 0, 0, 0, 0, 0, 0, 0, 0]"
"[2, 5, 0, 0, 0, 0, 0, 0, 0, 0]",4,0,"[2, 5, 0, 0, 0, 0, 0, 0, 0, 0]"
"[2, 5, 0, 0, 0, 0, 0, 0, 0, 0]",2,0,"[1, 5, 0, 0, 0, 0, 0, 0, 0, 0]"
"[1, 5, 0, 0, 0, 0, 0, 0, 0, 0]",2,0,"[0, 5, 0, 0, 0, 0, 0, 0, 0, 0]"
"[0, 5, 0, 0, 0, 0, 0, 0, 0, 0]",0,0,"[1, 5, 0, 0, 0, 0, 0, 0, 0, 0]"
"[1, 5, 0, 0, 0, 0, 0, 0, 0, 0]",1,0,"[1, 4, 0, 0, 0, 0, 0, 0, 0, 0]"
"[1, 4, 0, 0, 0, 0, 0, 0, 0, 0]",3,0,"[1, 5, 0, 0, 0, 0, 0, 0, 0, 0]"
"[1, 5, 0, 0, 0, 0, 0, 0, 0, 0]",3,0,"[1, 6, 0, 0, 0, 0, 0, 0, 0, 0]"
"[1, 6, 0, 0, 0, 0, 0, 0, 0, 0]",3,0,"[1, 7, 0, 0, 0, 0, 0, 0, 0, 0]"
"[1, 7, 0, 0, 0, 0, 0, 0, 0, 0]",3,0,"[1, 8, 0, 0, 0, 0, 0, 0, 0, 0]"
"[1, 8, 0, 0, 0, 0, 0, 0, 0, 0]",1,0,"[1, 7, 0, 0, 0, 0, 0, 0, 0, 0]"
"[1, 7, 0, 0, 0, 0, 0, 0, 0, 0]",0,0,"[2, 7, 0, 0, 0, 0, 0, 0, 0, 0]"
"[2, 7, 0, 0, 0, 0, 0, 0, 0, 0]",0,0,"[3, 7, 0, 0, 0, 0, 0, 0, 0, 0]"
"[3, 7, 0, 0, 0, 0, 0, 0, 0, 0]",1,-0.5,"[3, 6, 1, 0, 0, 0, 0, 0, 0, 0]"
"[3, 6, 1, 0, 0, 0, 0, 0, 0, 0]",2,-0.5,"[2, 6, 0, 0, 0, 1, 0, 0, 0, 0]"
"[2, 6, 0, 0, 0, 1, 0, 0, 0, 0]",4,-0.5,"[2, 6, 0, 0, 0, 0, 0, 0, 0, 0]"
"[2, 6, 0, 0, 0, 0, 0, 0, 0, 0]",3,0,"[2, 7, 0, 0, 0, 0, 0, 0, 0, 0]"
"[2, 7, 0, 0, 0, 0, 0, 0, 0, 0]",0,0,"[3, 7, 0, 0, 0, 0, 0, 0, 0, 0]"
"[3, 7, 0, 0, 0, 0, 0, 0, 0, 0]",1,-0.5,"[3, 6, 0, 0, 0, 1, 0, 0, 0, 0]"
"[3, 6, 0, 0, 0, 1, 0, 0, 0, 0]",1,-0.5,"[3, 6, 0, 0, 0, 1, 0, 0, 0, 0]"
"[3, 6, 0, 0, 0, 1, 0, 0, 0, 0]",3,0,"[3, 7, 0, 0, 0, 1, 0, 0, 0, 0]"
"[3, 7, 0, 0, 0, 1, 0, 0, 0, 0]",1,-0.5,"[3, 7, 0, 0, 0, 0, 0, 0, 0, 0]"
"[3, 7, 0, 0, 0, 0, 0, 0, 0, 0]",4,0,"[3, 7, 0, 0, 0, 0, 0, 0, 0, 0]"
"[3, 7, 0, 0, 0, 0, 0, 0, 0, 0]",0,0,"[4, 7, 0, 0, 0, 0, 0, 0, 0, 0]"
"[4, 7, 0, 0, 0, 0, 0, 0, 0, 0]",2,-0.5,"[3, 7, 0, 1, 0, 0, 0, 0, 0, 0]"
"[3, 7, 0, 1, 0, 0, 0, 0, 0, 0]",4,-0.5,"[3, 7, 0, 1, 0, 0, 0, 0, 0, 0]"
"[3, 7, 0, 1, 0, 0, 0, 0, 0, 0]",2,-0.5,"[3, 7, 0, 0, 1, 0, 0, 0, 0, 0]"
"[3, 7, 0, 0, 1, 0, 0, 0, 0, 0]",1,0,"[3, 6, 0, 0, 0, 0, 0, 0, 0, 0]"
"[3, 6, 0, 0, 0, 0, 0, 0, 0, 0]",0,0,"[4, 6, 0, 0, 0, 0, 0, 0, 0, 0]"
"[4, 6, 0, 0, 0, 0, 0, 0, 0, 0]",1,0,"[4, 5, 0, 0, 0, 0, 0, 0, 0, 0]"
"[4, 5, 0, 0, 0, 0, 0, 0, 0, 0]",1,0,"[4, 4, 0, 0, 0, 0, 0, 0, 0, 0]"
"[4, 4, 0, 0, 0, 0, 0, 0, 0, 0]",0,0,"[5, 4, 0, 0, 0, 0, 0, 0, 0, 0]"
"[5, 4, 0, 0, 0, 0, 0, 0, 0, 0]",2,0,"[4, 4, 0, 0, 0, 0, 0, 0, 0, 0]"
"[4, 4, 0, 0, 0, 0, 0, 0, 0, 0]",1,0,"[4, 3, 0, 0, 0, 0, 0, 0, 0, 0]"
"[4, 3, 0, 0, 0, 0, 0, 0, 0, 0]",2,0,"[3, 3, 0, 0, 0, 0, 0, 0, 0, 0]"
"[3, 3, 0, 0, 0, 0, 0, 0, 0, 0]",2,0,"[2, 3, 0, 0, 0, 0, 0, 0, 0, 0]"
"[2, 3, 0, 0, 0, 0, 0, 0, 0, 0]",1,0,"[2, 2, 0, 0, 0, 0, 0, 0, 0, 0]"
"[2, 2, 0, 0, 0, 0, 0, 0, 0, 0]",2,0,"[1, 2, 0, 0, 0, 0, 0, 0, 0, 0]"
"[1, 2, 0, 0, 0, 0, 0, 0, 0, 0]",4,0,"[1, 2, 0, 0, 0, 0, 0, 0, 0, 0]"
"[1, 2, 0, 0, 0, 0, 0, 0, 0, 0]",2,0,"[0, 2, 0, 0, 0, 0, 0, 0, 0, 0]"
"[0, 2, 0, 0, 0, 0, 0, 0, 0, 0]",2,0,"[0, 2, 0, 0, 0, 0, 0, 0, 0, 0]"
"[0, 2, 0, 0, 0, 0, 0, 0, 0, 0]",3,0,"[0, 3, 0, 0, 0, 0, 0, 0, 0, 0]"
"[0, 3, 0, 0, 0, 0, 0, 0, 0, 0]",2,0,"[0, 3, 0, 0, 0, 0, 0, 0, 0, 0]"
"[0, 3, 0, 0, 0, 0, 0, 0, 0, 0]",4,0,"[0, 3, 0, 0, 0, 0, 0, 0, 0, 0]"
"[0, 3, 0, 0, 0, 0, 0, 0, 0, 0]",1,0,"[0, 2, 0, 0, 0, 0, 0, 0, 0, 0]"
"[0, 2, 0, 0, 0, 0, 0, 0, 0, 0]",4,0,"[0, 2, 0, 0, 0, 0, 0, 0, 0, 0]"
"[0, 2, 0, 0, 0, 0, 0, 0, 0, 0]",3,0,"[0, 3, 0, 0, 0, 0, 0, 0, 0, 0]"
"[0, 3, 0, 0, 0, 0, 0, 0, 0, 0]",2,0,"[0, 3, 0, 0, 0, 0, 0, 0, 0, 0]"
"[0, 3, 0, 0, 0, 0, 0, 0, 0, 0]",3,0,"[0, 4, 0, 0, 0, 0, 0, 0, 0, 0]"
"[0, 4, 0, 0, 0, 0, 0, 0, 0, 0]",2,0,"[0, 4, 0, 0, 0, 0, 0, 0, 0, 0]"
"[0, 4, 0, 0, 0, 0, 0, 0, 0, 0]",1,0,"[0, 3, 0, 0, 0, 0, 0, 0, 0, 0]"
"[0, 3, 0, 0, 0, 0, 0, 0, 0, 0]",3,0,"[0, 4, 0, 0, 0, 0, 0, 0, 0, 0]"
"[0, 4, 0, 0, 0, 0, 0, 0, 0, 0]",2,0,"[0, 4, 0, 0, 0, 0, 0, 0, 0, 0]"
"[0, 4, 0, 0, 0, 0, 0, 0, 0, 0]",1,0,"[0, 3, 0, 0, 0, 0, 0, 0, 0, 0]"
"[0, 3, 0, 0, 0, 0, 0, 0, 0, 0]",1,0,"[0, 2, 0, 0, 0, 0, 0, 0, 0, 0]"
"[0, 2, 0, 0, 0, 0, 0, 0, 0, 0]",4,0,"[0, 2, 0, 0, 0, 0, 0, 0, 0, 0]"
"[0, 2, 0, 0, 0, 0, 0, 0, 0, 0]",4,0,"[0, 2, 0, 0, 0, 0, 0, 0, 0, 0]"
"[0, 2, 0, 0, 0, 0, 0, 0, 0, 0]",1,0,"[0, 1, 0, 0, 0, 0, 0, 0, 0, 0]"
"[0, 1, 0, 0, 0, 0, 0, 0, 0, 0]",2,0,"[0, 1, 0, 0, 0, 0, 0, 0, 0, 0]"
"[0, 1, 0, 0, 0, 0, 0, 0, 0, 0]",1,0,"[0, 0, 0, 0, 0, 0, 0, 0, 0, 0]"
"[0, 0, 0, 0, 0, 0, 0, 0, 0, 0]",0,0,"[1, 0, 0, 0, 0, 0, 0, 0, 0, 0]"
"[1, 0, 0, 0, 0, 0, 0, 0, 0, 0]",0,0,"[2, 0, 0, 0, 0, 0, 0, 0, 0, 0]"
"[2, 0, 0, 0, 0, 0, 0, 0, 0, 0]",4,0,"[2, 0, 0, 0, 0, 0, 0, 0, 0, 0]"
"[2, 0, 0, 0, 0, 0, 0, 0, 0, 0]",1,0,"[2, 0, 0, 0, 0, 0, 0, 0, 0, 0]"
"[2, 0, 0, 0, 0, 0, 0, 0, 0, 0]",2,0,"[1, 0, 0, 0, 0, 0, 0, 0, 0, 0]"
"[1, 0, 0, 0, 0, 0, 0, 0, 0, 0]",4,0,"[1, 0, 0, 0, 0, 0, 0, 0, 0, 0]"
"[1, 0, 0, 0, 0, 0, 0, 0, 0, 0]",0,0,"[2, 0, 0, 0, 0, 0, 0, 0, 0, 0]"
"[2, 0, 0, 0, 0, 0, 0, 0, 0, 0]",2,0,"[1, 0, 0, 0, 0, 0, 0, 0, 0, 0]"
"[1, 0, 0, 0, 0, 0, 0, 0, 0, 0]",0,0,"[2, 0, 0, 0, 0, 0, 0, 0, 0, 0]"
"[2, 0, 0, 0, 0, 0, 0, 0, 0, 0]",1,0,"[2, 0, 0, 0, 0, 0, 0, 0, 0, 0]"
"[2, 0, 0, 0, 0, 0, 0, 0, 0, 0]",1,0,"[2, 0, 0, 0, 0, 0, 0, 0, 0, 0]"
"[2, 0, 0, 0, 0, 0, 0, 0, 0, 0]",3,0,"[2, 1, 0, 0, 0, 0, 0, 0, 0, 0]"
"[2, 1, 0, 0, 0, 0, 0, 0, 0, 0]",2,0,"[1, 1, 0, 0, 0, 0, 0, 0, 0, 0]"
"[1, 1, 0, 0, 0, 0, 0, 0, 0, 0]",1,0,"[1, 0, 0, 0, 0, 0, 0, 0, 0, 0]"
"[1, 0, 0, 0, 0, 0, 0, 0, 0, 0]",1,0,"[1, 0, 0, 0, 0, 0, 0, 0, 0, 0]"
"[1, 0, 0, 0, 0, 0, 0, 0, 0, 0]",0,0,"[2, 0, 0, 0, 0, 0, 0, 0, 0, 0]"
"[2, 0, 0, 0, 0, 0, 0, 0, 0, 0]",4,0,"[2, 0, 0, 0, 0, 0, 0, 0, 0, 0]"
"[2, 0, 0, 0, 0, 0, 0, 0, 0, 0]",3,0,"[2, 1, 0, 0, 0, 0, 0, 0, 0, 0]"
"[2, 1, 0, 0, 0, 0, 0, 0, 0, 0]",4,0,"[2, 1, 0, 0, 0, 0, 0, 0, 0, 0]"
"[2, 1, 0, 0, 0, 0, 0, 0, 0, 0]",2,0,"[1, 1, 0, 0, 0, 0, 0, 0, 0, 0]"
"[1, 1, 0, 0, 0, 0, 0, 0, 0, 0]",1,0,"[1, 0, 0, 0, 0, 0, 0, 0, 0, 0]"
"[1, 0, 0, 0, 0, 0, 0, 0, 0, 0]",3,0,"[1, 1, 0, 0, 0, 0, 0, 0, 0, 0]"
"[1, 1, 0, 0, 0, 0, 0, 0, 0, 0]",4,0,"[1, 1, 0, 0, 0, 0, 0, 0, 0, 0]"
"[1, 1, 0, 0, 0, 0, 0, 0, 0, 0]",2,0,"[0, 1, 0, 0, 0, 0, 0, 0, 0, 0]"
"[0, 1, 0, 0, 0, 0, 0, 0, 0, 0]",0,0,"[1, 1, 0, 0, 0, 0, 0, 0, 0, 0]"
"[1, 1, 0, 0, 0, 0, 0, 0, 0, 0]",3,0,"[1, 2, 0, 0, 0, 0, 0, 0, 0, 0]"
"[1, 2, 0, 0, 0, 0, 0, 0, 0, 0]",3,0,"[1, 3, 0, 0, 0, 0, 0, 0, 0, 0]"
"[1, 3, 0, 0, 0, 0, 0, 0, 0, 0]",3,0,"[1, 4, 0, 0, 0, 0, 0, 0, 0, 0]"
"[1, 4, 0, 0, 0, 0, 0, 0, 0, 0]",4,0,"[1, 4, 0, 0, 0, 0, 0, 0, 0, 0]"
"[1, 4, 0, 0, 0, 0, 0, 0, 0, 0]",1,0,"[1, 3, 0, 0, 0, 0, 0, 0, 0, 0]"
"[1, 3, 0, 0, 0, 0, 0, 0, 0, 0]",4,0,"[1, 3, 0, 0, 0, 0, 0, 0, 0, 1]"
"[1, 3, 0, 0, 0, 0, 0, 0, 0, 1]",4,-0.5,"[1, 3, 0, 0, 0, 0, 0, 0, 0, 0]"
"[1, 3, 0, 0, 0, 0, 0, 0, 0, 0]",1,0,"[1, 2, 0, 0, 0, 0, 0, 0, 0, 0]"
"[1, 2, 0, 0, 0, 0, 0, 0, 0, 0]",3,0,"[1, 3, 0, 0, 0, 0, 0, 0, 0, 0]"
"[1, 3, 0, 0, 0, 0, 0, 0, 0, 0]",3,0,"[1, 4, 0, 0, 0, 0, 0, 0, 0, 0]"
"[1, 4, 0, 0, 0, 0, 0, 0, 0, 0]",1,0,"[1, 3, 0, 0, 0, 0, 0, 0, 0, 0]"
"[1, 3, 0, 0, 0, 0, 0, 0, 0, 0]",2,0,"[0, 3, 0, 0, 0, 0, 0, 0, 0, 0]"
"[0, 3, 0, 0, 0, 0, 0, 0, 0, 0]",3,0,"[0, 4, 0, 0, 0, 0, 0, 0, 0, 0]"
"[0, 4, 0, 0, 0, 0, 0, 0, 0, 0]",3,0,"[0, 5, 0, 0, 0, 0, 0, 0, 0, 0]"
"[0, 5, 0, 0, 0, 0, 0, 0, 0, 0]",4,0,"[0, 5, 0, 0, 0, 0, 0, 0, 0, 0]"
"[0, 5, 0, 0, 0, 0, 0, 0, 0, 0]",3,0,"[0, 6, 0, 0, 0, 0, 0, 0, 0, 0]"
"[0, 6, 0, 0, 0, 0, 0, 0, 0, 0]",4,0,"[0, 6, 0, 0, 0, 0, 0, 0, 0, 0]"
"[0, 6, 0, 0, 0, 0, 0, 0, 0, 0]",1,0,"[0, 5, 0, 0, 0, 0, 0, 0, 0, 0]"
"[0, 5, 0, 0, 0, 0, 0, 0, 0, 0]",1,0,"[0, 4, 0, 0, 0, 0, 0, 0, 0, 0]"
"[0, 4, 0, 0, 0, 0, 0, 0, 0, 0]",2,0,"[0, 4, 0, 0, 0, 0, 0, 1, 0, 0]"
"[0, 4, 0, 0, 0, 0, 0, 1, 0, 0]",4,-0.5,"[0, 4, 0, 0, 0, 0, 0, 0, 0, 0]"
"[0, 4, 0, 0, 0, 0, 0, 0, 0, 0]",0,0,"[1, 4, 0, 0, 0, 0, 0, 0, 0, 0]"
"[1, 4, 0, 0, 0, 0, 0, 0, 0, 0]",0,0,"[2, 4, 0, 0, 0, 0, 0, 0, 0, 0]"
"[2, 4, 0, 0, 0, 0, 0, 0, 0, 0]",1,0,"[2, 3, 0, 0, 0, 0, 0, 0, 0, 0]"
"[2, 3, 0, 0, 0, 0, 0, 0, 0, 0]",2,0,"[1, 3, 0, 0, 0, 0, 0, 0, 0, 0]"
"[1, 3, 0, 0, 0, 0, 0, 0, 0, 0]",0,0,"[2, 3, 0, 0, 0, 0, 0, 0, 0, 0]"
"[2, 3, 0, 0, 0, 0, 0, 0, 0, 0]",1,-0.5,"[2, 2, 0, 0, 0, 1, 0, 0, 0, 0]"
"[2, 2, 0, 0, 0, 1, 0, 0, 0, 0]",3,0,"[2, 3, 0, 0, 0, 0, 0, 0, 0, 0]"
"[2, 3, 0, 0, 0, 0, 0, 0, 0, 0]",4,0,"[2, 3, 0, 0, 0, 0, 0, 0, 0, 0]"
"[2, 3, 0, 0, 0, 0, 0, 0, 0, 0]",4,0,"[2, 3, 0, 0, 0, 1, 0, 0, 0, 0]"
"[2, 3, 0, 0, 0, 1, 0, 0, 0, 0]",2,-0.5,"[1, 3, 0, 0, 0, 0, 0, 0, 1, 0]"
"[1, 3, 0, 0, 0, 0, 0, 0, 1, 0]",1,-0.5,"[1, 2, 0, 0, 0, 0, 0, 0, 0, 1]"
"[1, 2, 0, 0, 0, 0, 0, 0, 0, 1]",3,-0.5,"[1, 3, 0, 0, 0, 0, 0, 0, 1, 0]"
"[1, 3, 0, 0, 0, 0, 0, 0, 1, 0]",0,-0.5,"[1, 3, 0, 0, 0, 0, 0, 1, 0, 0]"
"[1, 3, 0, 0, 0, 0, 0, 1, 0, 0]",4,-0.5,"[1, 3, 0, 0, 0, 0, 0, 0, 0, 0]"
"[1, 3, 0, 0, 0, 0, 0, 0, 0, 0]",0,-0.5,"[2, 3, 0, 0, 0, 1, 0, 0, 0, 0]"
"[2, 3, 0, 0, 0, 1, 0, 0, 0, 0]",0,-0.5,"[3, 3, 0, 0, 0, 0, 0, 0, 0, 0]"
"[3, 3, 0, 0, 0, 0, 0, 0, 0, 0]",1,0,"[3, 2, 0, 0, 0, 0, 0, 0, 0, 0]"
"[3, 2, 0, 0, 0, 0, 0, 0, 0, 0]",1,0,"[3, 1, 0, 0, 0, 0, 0, 0, 0, 0]"
"[3, 1, 0, 0, 0, 0, 0, 0, 0, 0]",4,0,"[3, 1, 0, 0, 0, 0, 0, 0, 0, 0]"
"[3, 1, 0, 0, 0, 0, 0, 0, 0, 0]",2,-0.5,"[2, 1, 0, 0, 0, 0, 0, 0, 0, 0]"
"[2, 1, 0, 0, 0, 0, 0, 0, 0, 0]",3,0,"[2, 2, 0, 0, 0, 0, 0, 0, 0, 0]"
"[2, 2, 0, 0, 0, 0, 0, 0, 0, 0]",0,0,"[3, 2, 0, 0, 0, 0, 0, 0, 0, 0]"
"[3, 2, 0, 0, 0, 0, 0, 0, 0, 0]",0,0,"[4, 2, 0, 0, 0, 0, 0, 0, 0, 0]"
"[4, 2, 0, 0, 0, 0, 0, 0, 0, 0]",2,0,"[3, 2, 1, 0, 0, 0, 0, 0, 0, 0]"
"[3, 2, 1, 0, 0, 0, 0, 0, 0, 0]",4,-0.5,"[3, 2, 0, 1, 0, 0, 0, 0, 0, 0]"
"[3, 2, 0, 1, 0, 0, 0, 0, 0, 0]",4,-0.5,"[3, 2, 0, 1, 0, 0, 0, 0, 0, 0]"
"[3, 2, 0, 1, 0, 0, 0, 0, 0, 0]",3,-0.5,"[3, 3, 0, 1, 0, 0, 0, 0, 0, 0]"
"[3, 3, 0, 1, 0, 0, 0, 0, 0, 0]",1,-0.5,"[3, 2, 0, 0, 0, 0, 1, 0, 0, 0]"
"[3, 2, 0, 0, 0, 0, 1, 0, 0, 0]",3,-0.5,"[3, 2, 0, 0, 0, 0, 0, 0, 0, 0]"
"[3, 2, 0, 0, 0, 0, 0, 0, 0, 0]",0,0,"[4, 2, 0, 0, 0, 0, 0, 0, 0, 0]"
"[4, 2, 0, 0, 0, 0, 0, 0, 0, 0]",1,0,"[4, 1, 0, 0, 0, 0, 0, 0, 0, 0]"
"[4, 1, 0, 0, 0, 0, 0, 0, 0, 0]",2,0,"[3, 1, 0, 0, 0, 0, 0, 0, 0, 0]"
"[3, 1, 0, 0, 0, 0, 0, 0, 0, 0]",0,0,"[4, 1, 0, 0, 0, 0, 0, 0, 0, 0]"
"[4, 1, 0, 0, 0, 0, 0, 0, 0, 0]",0,0,"[5, 1, 0, 0, 0, 0, 0, 0, 0, 0]"
"[5, 1, 0, 0, 0, 0, 0, 0, 0, 0]",3,0,"[5, 2, 0, 0, 0, 0, 0, 0, 0, 0]"
"[5, 2, 0, 0, 0, 0, 0, 0, 0, 0]",0,0,"[6, 2, 0, 0, 0, 0, 0, 0, 0, 0]"
"[6, 2, 0, 0, 0, 0, 0, 0, 0, 0]",2,0,"[5, 2, 0, 0, 0, 0, 0, 0, 0, 0]"
"[5, 2, 0, 0, 0, 0, 0, 0, 0, 0]",2,0,"[4, 2, 0, 0, 0, 0, 0, 0, 0, 0]"
"[4, 2, 0, 0, 0, 0, 0, 0, 0, 0]",0,0,"[5, 2, 0, 0, 0, 0, 0, 0, 0, 0]"
"[5, 2, 0, 0, 0, 0, 0, 0, 0, 0]",1,0,"[5, 1, 0, 0, 0, 0, 0, 0, 0, 0]"
"[5, 1, 0, 0, 0, 0, 0, 0, 0, 0]",0,0,"[6, 1, 0, 0, 0, 0, 0, 0, 0, 0]"
"[6, 1, 0, 0, 0, 0, 0, 0, 0, 0]",2,0,"[5, 1, 0, 0, 0, 0, 0, 0, 0, 0]"
"[5, 1, 0, 0, 0, 0, 0, 0, 0, 0]",3,0,"[5, 2, 0, 0, 0, 0, 0, 0, 0, 0]"
"[5, 2, 0, 0, 0, 0, 0, 0, 0, 0]",1,0,"[5, 1, 0, 0, 0, 0, 0, 0, 0, 0]"
"[5, 1, 0, 0, 0, 0, 0, 0, 0, 0]",4,0,"[5, 1, 0, 0, 0, 0, 0, 0, 0, 0]"
"[5, 1, 0, 0, 0, 0, 0, 0, 0, 0]",3,0,"[5, 2, 0, 0, 0, 0, 0, 0, 0, 0]"
"[5, 2, 0, 0, 0, 0, 0, 0, 0, 0]",0,0,"[6, 2, 0, 0, 0, 0, 0, 0, 0, 0]"
"[6, 2, 0, 0, 0, 0, 0, 0, 0, 0]",2,0,"[5, 2, 0, 0, 0, 0, 0, 0, 0, 0]"
"[5, 2, 0, 0, 0, 0, 0, 0, 0, 0]",3,0,"[5, 3, 0, 0, 0, 0, 0, 0, 0, 0]"
"[5, 3, 0, 0, 0, 0, 0, 0, 0, 0]",0,0,"[6, 3, 0, 0, 0, 0, 0, 0, 0, 0]"
"[6, 3, 0, 0, 0, 0, 0, 0, 0, 0]",3,0,"[6, 4, 0, 0, 0, 0, 0, 0, 0, 0]"
"[6, 4, 0, 0, 0, 0, 0, 0, 0, 0]",2,0,"[5, 4, 0, 0, 0, 0, 0, 0, 0, 0]"
"[5, 4, 0, 0, 0, 0, 0, 0, 0, 0]",1,0,"[5, 3, 0, 0, 0, 0, 0, 0, 0, 0]"
"[5, 3, 0, 0, 0, 0, 0, 0, 0, 0]",3,0,"[5, 4, 0, 0, 0, 0, 0, 0, 0, 0]"
"[5, 4, 0, 0, 0, 0, 0, 0, 0, 0]",2,0,"[4, 4, 0, 0, 0, 0, 0, 0, 0, 0]"
"[4, 4, 0, 0, 0, 0, 0, 0, 0, 0]",3,-0.5,"[4, 5, 0, 0, 0, 0, 0, 0, 0, 1]"
"[4, 5, 0, 0, 0, 0, 0, 0, 0, 1]",3,-0.5,"[4, 6, 0, 0, 0, 0, 0, 0, 0, 1]"
"[4, 6, 0, 0, 0, 0, 0, 0, 0, 1]",0,-0.5,"[5, 6, 0, 0, 0, 0, 0, 0, 0, 0]"
"[5, 6, 0, 0, 0, 0, 0, 0, 0, 0]",4,0,"[5, 6, 0, 0, 0, 0, 0, 0, 0, 0]"
"[5, 6, 0, 0, 0, 0, 0, 0, 0, 0]",2,0,"[4, 6, 0, 0, 0, 0, 0, 0, 0, 0]"
"[4, 6, 0, 0, 0, 0, 0, 0, 0, 0]",1,0,"[4, 5, 0, 0, 0, 0, 0, 0, 0, 0]"
"[4, 5, 0, 0, 0, 0, 0, 0, 0, 0]",3,0,"[4, 6, 0, 0, 0, 0, 0, 0, 0, 0]"
"[4, 6, 0, 0, 0, 0, 0, 0, 0, 0]",3,0,"[4, 7, 0, 0, 0, 0, 0, 0, 0, 0]"
"[4, 7, 0, 0, 0, 0, 0, 0, 0, 0]",0,0,"[5, 7, 0, 0, 0, 0, 0, 0, 0, 0]"
"[5, 7, 0, 0, 0, 0, 0, 0, 0, 0]",0,0,"[6, 7, 0, 0, 0, 0, 0, 0, 0, 0]"
"[6, 7, 0, 0, 0, 0, 0, 0, 0, 0]",1,0,"[6, 6, 0, 0, 0, 0, 0, 0, 0, 0]"
"[6, 6, 0, 0, 0, 0, 0, 0, 0, 0]",1,0,"[6, 5, 0, 0, 0, 0, 0, 0, 0, 0]"
"[6, 5, 0, 0, 0, 0, 0, 0, 0, 0]",1,0,"[6, 4, 0, 0, 0, 0, 0, 0, 0, 0]"
"[6, 4, 0, 0, 0, 0, 0, 0, 0, 0]",2,0,"[5, 4, 0, 0, 0, 0, 0, 0, 0, 0]"
"[5, 4, 0, 0, 0, 0, 0, 0, 0, 0]",0,0,"[6, 4, 0, 0, 0, 0, 0, 0, 0, 0]"
"[6, 4, 0, 0, 0, 0, 0, 0, 0, 0]",0,0,"[7, 4, 0, 0, 0, 0, 0, 0, 0, 0]"
"[7, 4, 0, 0, 0, 0, 0, 0, 0, 0]",1,0,"[7, 3, 0, 0, 0, 0, 0, 0, 0, 0]"
"[7, 3, 0, 0, 0, 0, 0, 0, 0, 0]",2,0,"[6, 3, 0, 0, 0, 0, 0, 0, 0, 0]"
"[6, 3, 0, 0, 0, 0, 0, 0, 0, 0]",1,0,"[6, 2, 0, 0, 0, 0, 0, 0, 0, 0]"
"[6, 2, 0, 0, 0, 0, 0, 0, 0, 0]",0,0,"[7, 2, 0, 0, 0, 0, 0, 0, 0, 0]"
"[7, 2, 0, 0, 0, 0, 0, 0, 0, 0]",0,0,"[8, 2, 0, 0, 0, 0, 0, 0, 0, 0]"
"[8, 2, 0, 0, 0, 0, 0, 0, 0, 0]",2,0,"[7, 2, 0, 0, 0, 0, 0, 0, 0, 0]"
"[7, 2, 0, 0, 0, 0, 0, 0, 0, 0]",0,0,"[8, 2, 0, 0, 0, 0, 0, 0, 0, 0]"
"[8, 2, 0, 0, 0, 0, 0, 0, 0, 0]",0,0,"[9, 2, 0, 0, 0, 0, 0, 0, 0, 0]"
"[9, 2, 0, 0, 0, 0, 0, 0, 0, 0]",3,0,"[9, 3, 0, 0, 0, 0, 0, 0, 0, 0]"
"[9, 3, 0, 0, 0, 0, 0, 0, 0, 0]",1,0,"[9, 2, 0, 0, 0, 0, 0, 0, 0, 0]"
"[9, 2, 0, 0, 0, 0, 0, 0, 0, 0]",0,0,"[10, 2, 0, 0, 0, 0, 0, 0, 0, 0]"
"[10, 2, 0, 0, 0, 0, 0, 0, 0, 0]",3,0,"[10, 3, 0, 0, 0, 0, 0, 0, 0, 0]"
"[10, 3, 0, 0, 0, 0, 0, 0, 0, 0]",2,0,"[9, 3, 0, 0, 0, 0, 0, 0, 0, 0]"
"[9, 3, 0, 0, 0, 0, 0, 0, 0, 0]",1,0,"[9, 2, 0, 0, 0, 0, 0, 0, 0, 0]"
"[9, 2, 0, 0, 0, 0, 0, 0, 0, 0]",2,0,"[8, 2, 0, 0, 0, 0, 0, 0, 0, 0]"
"[8, 2, 0, 0, 0, 0, 0, 0, 0, 0]",2,0,"[7, 2, 0, 0, 0, 0, 0, 0, 0, 0]"
"[7, 2, 0, 0, 0, 0, 0, 0, 0, 0]",3,0,"[7, 3, 0, 0, 0, 0, 0, 0, 0, 0]"
"[7, 3, 0, 0, 0, 0, 0, 0, 0, 0]",1,0,"[7, 2, 0, 0, 0, 0, 0, 0, 0, 0]"
"[7, 2, 0, 0, 0, 0, 0, 0, 0, 0]",0,0,"[8, 2, 0, 0, 0, 0, 0, 0, 0, 0]"
"[8, 2, 0, 0, 0, 0, 0, 0, 0, 0]",2,0,"[7, 2, 0, 0, 0, 0, 0, 0, 0, 0]"
"[7, 2, 0, 0, 0, 0, 0, 0, 0, 0]",1,0,"[7, 1, 0, 0, 0, 0, 0, 0, 0, 0]"
"[7, 1, 0, 0, 0, 0, 0, 0, 0, 0]",2,0,"[6, 1, 0, 0, 0, 0, 0, 0, 0, 0]"
"[6, 1, 0, 0, 0, 0, 0, 0, 0, 0]",4,0,"[6, 1, 0, 0, 0, 0, 0, 0, 0, 0]"
"[6, 1, 0, 0, 0, 0, 0, 0, 0, 0]",2,0,"[5, 1, 0, 0, 0, 0, 0, 0, 0, 0]"
"[5, 1, 0, 0, 0, 0, 0, 0, 0, 0]",1,0,"[5, 0, 0, 0, 0, 0, 0, 0, 0, 0]"
"[5, 0, 0, 0, 0, 0, 0, 0, 0, 0]",4,0,"[5, 0, 0, 0, 0, 0, 0, 0, 0, 0]"
"[5, 0, 0, 0, 0, 0, 0, 0, 0, 0]",0,0,"[6, 0, 0, 0, 0, 0, 0, 0, 0, 0]"
"[6, 0, 0, 0, 0, 0, 0, 0, 0, 0]",4,0,"[6, 0, 0, 0, 0, 0, 0, 0, 0, 0]"
"[6, 0, 0, 0, 0, 0, 0, 0, 0, 0]",2,0,"[5, 0, 0, 0, 0, 0, 0, 0, 0, 0]"
"[5, 0, 0, 0, 0, 0, 0, 0, 0, 0]",3,0,"[5, 1, 0, 0, 0, 0, 0, 0, 0, 0]"
"[5, 1, 0, 0, 0, 0, 0, 0, 0, 0]",3,0,"[5, 2, 0, 0, 0, 0, 0, 0, 0, 0]"
"[5, 2, 0, 0, 0, 0, 0, 0, 0, 0]",1,0,"[5, 1, 0, 0, 0, 0, 0, 0, 0, 0]"
"[5, 1, 0, 0, 0, 0, 0, 0, 0, 0]",1,0,"[5, 0, 0, 0, 0, 0, 0, 0, 0, 0]"
"[5, 0, 0, 0, 0, 0, 0, 0, 0, 0]",1,0,"[5, 0, 0, 0, 0, 0, 0, 0, 0, 0]"
"[5, 0, 0, 0, 0, 0, 0, 0, 0, 0]",4,0,"[5, 0, 0, 0, 0, 0, 0, 0, 0, 0]"
"[5, 0, 0, 0, 0, 0, 0, 0, 0, 0]",3,0,"[5, 1, 0, 0, 0, 0, 0, 0, 0, 0]"
"[5, 1, 0, 0, 0, 0, 0, 0, 0, 0]",0,0,"[6, 1, 0, 0, 0, 0, 0, 0, 0, 0]"
"[6, 1, 0, 0, 0, 0, 0, 0, 0, 0]",2,0,"[5, 1, 0, 0, 0, 0, 0, 0, 0, 0]"
"[5, 1, 0, 0, 0, 0, 0, 0, 0, 0]",3,0,"[5, 2, 0, 0, 0, 0, 0, 0, 0, 0]"
"[5, 2, 0, 0, 0, 0, 0, 0, 0, 0]",2,0,"[4, 2, 0, 0, 0, 0, 0, 0, 0, 0]"
"[4, 2, 0, 0, 0, 0, 0, 0, 0, 0]",3,-0.5,"[4, 3, 0, 0, 0, 0, 1, 0, 0, 0]"
"[4, 3, 0, 0, 0, 0, 1, 0, 0, 0]",2,-0.5,"[3, 3, 0, 0, 0, 0, 1, 0, 0, 0]"
"[3, 3, 0, 0, 0, 0, 1, 0, 0, 0]",2,-0.5,"[2, 3, 0, 0, 0, 0, 0, 0, 0, 1]"
"[2, 3, 0, 0, 0, 0, 0, 0, 0, 1]",0,-0.5,"[3, 3, 0, 0, 0, 0, 1, 0, 0, 0]"
"[3, 3, 0, 0, 0, 0, 1, 0, 0, 0]",1,0,"[3, 2, 0, 0, 0, 0, 0, 0, 0, 0]"
"[3, 2, 0, 0, 0, 0, 0, 0, 0, 0]",2,0,"[2, 2, 0, 0, 0, 0, 0, 0, 0, 0]"
"[2, 2, 0, 0, 0, 0, 0, 0, 0, 0]",3,-0.5,"[2, 3, 0, 0, 0, 0, 1, 0, 0, 0]"
"[2, 3, 0, 0, 0, 0, 1, 0, 0, 0]",3,-0.5,"[2, 3, 0, 0, 0, 0, 1, 0, 0, 0]"
"[2, 3, 0, 0, 0, 0, 1, 0, 0, 0]",0,-0.5,"[3, 3, 0, 0, 0, 0, 1, 0, 0, 0]"
"[3, 3, 0, 0, 0, 0, 1, 0, 0, 0]",0,-0.5,"[4, 3, 0, 0, 0, 0, 1, 0, 0, 0]"
"[4, 3, 0, 0, 0, 0, 1, 0, 0, 0]",4,-0.5,"[4, 3, 0, 0, 0, 0, 1, 0, 0, 0]"
"[4, 3, 0, 0, 0, 0, 1, 0, 0, 0]",3,-0.5,"[4, 3, 0, 0, 0, 0, 1, 0, 0, 0]"
"[4, 3, 0, 0, 0, 0, 1, 0, 0, 0]",3,-0.5,"[4, 3, 0, 0, 0, 0, 1, 0, 0, 0]"
"[4, 3, 0, 0, 0, 0, 1, 0, 0, 0]",2,-0.5,"[3, 3, 0, 0, 0, 0, 0, 0, 0, 1]"
"[3, 3, 0, 0, 0, 0, 0, 0, 0, 1]",0,-0.5,"[4, 3, 0, 0, 0, 0, 0, 0, 0, 1]"
"[4, 3, 0, 0, 0, 0, 0, 0, 0, 1]",0,-0.5,"[5, 3, 0, 0, 0, 0, 1, 0, 0, 0]"
"[5, 3, 0, 0, 0, 0, 1, 0, 0, 0]",2,-0.5,"[4, 3, 0, 0, 0, 0, 0, 0, 0, 0]"
"[4, 3, 0, 0, 0, 0, 0, 0, 0, 0]",1,0,"[4, 2, 0, 0, 0, 0, 0, 0, 0, 0]"
"[4, 2, 0, 0, 0, 0, 0, 0, 0, 0]",4,0,"[4, 2, 0, 0, 0, 0, 0, 0, 0, 1]"
"[4, 2, 0, 0, 0, 0, 0, 0, 0, 1]",1,0,"[4, 1, 0, 0, 0, 0, 0, 0, 0, 0]"
"[4, 1, 0, 0, 0, 0, 0, 0, 0, 0]",3,-0.5,"[4, 2, 0, 0, 0, 0, 0, 0, 1, 0]"
"[4, 2, 0, 0, 0, 0, 0, 0, 1, 0]",3,-0.5,"[4, 3, 0, 0, 0, 0, 0, 0, 0, 0]"
"[4, 3, 0, 0, 0, 0, 0, 0, 0, 0]",2,0,"[3, 3, 0, 0, 0, 0, 0, 0, 0, 0]"
"[3, 3, 0, 0, 0, 0, 0, 0, 0, 0]",3,0,"[3, 4, 0, 0, 0, 0, 0, 0, 0, 0]"
"[3, 4, 0, 0, 0, 0, 0, 0, 0, 0]",1,0,"[3, 3, 0, 0, 0, 0, 0, 0, 0, 0]"
"[3, 3, 0, 0, 0, 0, 0, 0, 0, 0]",2,0,"[2, 3, 0, 0, 0, 0, 0, 0, 0, 0]"
"[2, 3, 0, 0, 0, 0, 0, 0, 0, 0]",1,0,"[2, 2, 0, 0, 0, 0, 0, 0, 0, 0]"
"[2, 2, 0, 0, 0, 0, 0, 0, 0, 0]",0,-0.5,"[3, 2, 0, 0, 0, 0, 0, 0, 0, 0]"
"[3, 2, 0, 0, 0, 0, 0, 0, 0, 0]",1,-0.5,"[3, 1, 0, 0, 0, 0, 0, 0, 0, 0]"
"[3, 1, 0, 0, 0, 0, 0, 0, 0, 0]",0,-0.5,"[4, 1, 0, 0, 0, 1, 0, 0, 0, 0]"
"[4, 1, 0, 0, 0, 1, 0, 0, 0, 0]",4,-0.5,"[4, 1, 0, 0, 0, 1, 0, 0, 0, 0]"
"[4, 1, 0, 0, 0, 1, 0, 0, 0, 0]",4,-0.5,"[4, 1, 0, 0, 0, 1, 0, 0, 0, 0]"
"[4, 1, 0, 0, 0, 1, 0, 0, 0, 0]",4,-0.5,"[4, 1, 0, 0, 0, 1, 0, 0, 0, 0]"
"[4, 1, 0, 0, 0, 1, 0, 0, 0, 0]",0,-0.5,"[5, 1, 1, 0, 0, 0, 0, 0, 0, 0]"
"[5, 1, 1, 0, 0, 0, 0, 0, 0, 0]",1,-0.5,"[5, 0, 0, 0, 0, 0, 0, 0, 0, 0]"
"[5, 0, 0, 0, 0, 0, 0, 0, 0, 0]",0,0,"[6, 0, 0, 0, 0, 0, 0, 0, 0, 0]"
"[6, 0, 0, 0, 0, 0, 0, 0, 0, 0]",2,0,"[5, 0, 0, 0, 0, 0, 0, 0, 0, 0]"
"[5, 0, 0, 0, 0, 0, 0, 0, 0, 0]",3,0,"[5, 1, 0, 0, 0, 0, 0, 0, 0, 0]"
"[5, 1, 0, 0, 0, 0, 0, 0, 0, 0]",4,0,"[5, 1, 0, 0, 0, 0, 0, 0, 0, 0]"
"[5, 1, 0, 0, 0, 0, 0, 0, 0, 0]",0,0,"[6, 1, 0, 0, 0, 0, 0, 0, 0, 0]"
"[6, 1, 0, 0, 0, 0, 0, 0, 0, 0]",1,0,"[6, 0, 0, 0, 0, 0, 0, 0, 0, 0]"
"[6, 0, 0, 0, 0, 0, 0, 0, 0, 0]",1,0,"[6, 0, 0, 0, 0, 0, 0, 0, 0, 0]"
"[6, 0, 0, 0, 0, 0, 0, 0, 0, 0]",0,0,"[7, 0, 0, 0, 0, 0, 0, 0, 0, 0]"
"[7, 0, 0, 0, 0, 0, 0, 0, 0, 0]",2,0,"[6, 0, 0, 0, 0, 0, 0, 0, 0, 0]"
"[6, 0, 0, 0, 0, 0, 0, 0, 0, 0]",0,0,"[7, 0, 0, 0, 0, 0, 0, 0, 0, 0]"
"[7, 0, 0, 0, 0, 0, 0, 0, 0, 0]",4,0,"[7, 0, 0, 0, 0, 0, 0, 0, 0, 0]"
"[7, 0, 0, 0, 0, 0, 0, 0, 0, 0]",3,0,"[7, 1, 0, 0, 0, 0, 0, 0, 0, 0]"
"[7, 1, 0, 0, 0, 0, 0, 0, 0, 0]",1,0,"[7, 0, 0, 0, 0, 0, 0, 0, 0, 0]"
"[7, 0, 0, 0, 0, 0, 0, 0, 0, 0]",0,0,"[8, 0, 0, 0, 0, 0, 0, 0, 0, 0]"
"[8, 0, 0, 0, 0, 0, 0, 0, 0, 0]",3,0,"[8, 1, 0, 0, 0, 0, 0, 0, 0, 0]"
"[8, 1, 0, 0, 0, 0, 0, 0, 0, 0]",0,0,"[9, 1, 0, 0, 0, 0, 0, 0, 0, 0]"
"[9, 1, 0, 0, 0, 0, 0, 0, 0, 0]",1,0,"[9, 0, 0, 0, 0, 0, 0, 0, 0, 0]"
"[9, 0, 0, 0, 0, 0, 0, 0, 0, 0]",0,0,"[10, 0, 0, 0, 0, 0, 0, 0, 0, 0]"
"[10, 0, 0, 0, 0, 0, 0, 0, 0, 0]",1,0,"[10, 0, 0, 0, 0, 0, 0, 0, 0, 0]"
"[10, 0, 0, 0, 0, 0, 0, 0, 0, 0]",4,0,"[10, 0, 0, 0, 0, 0, 0, 0, 0, 0]"
"[10, 0, 0, 0, 0, 0, 0, 0, 0, 0]",2,0,"[9, 0, 0, 0, 0, 0, 0, 0, 0, 0]"
"[9, 0, 0, 0, 0, 0, 0, 0, 0, 0]",4,0,"[9, 0, 0, 0, 0, 0, 0, 0, 0, 0]"
"[9, 0, 0, 0, 0, 0, 0, 0, 0, 0]",1,0,"[9, 0, 0, 0, 0, 0, 0, 0, 0, 0]"
"[9, 0, 0, 0, 0, 0, 0, 0, 0, 0]",1,0,"[9, 0, 0, 0, 0, 0, 0, 0, 0, 0]"
"[9, 0, 0, 0, 0, 0, 0, 0, 0, 0]",4,0,"[9, 0, 0, 0, 0, 0, 0, 0, 0, 0]"
"[9, 0, 0, 0, 0, 0, 0, 0, 0, 0]",4,0,"[9, 0, 0, 0, 0, 0, 0, 0, 0, 0]"
"[9, 0, 0, 0, 0, 0, 0, 0, 0, 0]",3,0,"[9, 1, 0, 0, 0, 0, 0, 0, 0, 0]"
"[9, 1, 0, 0, 0, 0, 0, 0, 0, 0]",0,0,"[10, 1, 0, 0, 0, 0, 0, 0, 0, 0]"
"[10, 1, 0, 0, 0, 0, 0, 0, 0, 0]",4,0,"[10, 1, 0, 0, 0, 0, 0, 0, 0, 0]"
"[10, 1, 0, 0, 0, 0, 0, 0, 0, 0]",3,0,"[10, 2, 0, 0, 0, 0, 0, 0, 0, 0]"
"[10, 2, 0, 0, 0, 0, 0, 0, 0, 0]",4,0,"[10, 2, 0, 0, 0, 0, 0, 0, 0, 0]"
"[10, 2, 0, 0, 0, 0, 0, 0, 0, 0]",1,0,"[10, 1, 0, 0, 0, 0, 0, 0, 0, 0]"
"[10, 1, 0, 0, 0, 0, 0, 0, 0, 0]",2,0,"[9, 1, 0, 0, 0, 0, 0, 0, 0, 0]"
"[9, 1, 0, 0, 0, 0, 0, 0, 0, 0]",2,0,"[8, 1, 0, 0, 0, 0, 0, 0, 0, 0]"
"[8, 1, 0, 0, 0, 0, 0, 0, 0, 0]",4,0,"[8, 1, 0, 0, 0, 0, 0, 0, 0, 0]"
"[8, 1, 0, 0, 0, 0, 0, 0, 0, 0]",3,0,"[8, 2, 0, 0, 0, 0, 0, 0, 0, 0]"
"[8, 2, 0, 0, 0, 0, 0, 0, 0, 0]",1,0,"[8, 1, 0, 0, 0, 0, 0, 0, 0, 0]"
"[8, 1, 0, 0, 0, 0, 0, 0, 0, 0]",0,0,"[9, 1, 0, 0, 0, 0, 0, 0, 0, 0]"
"[9, 1, 0, 0, 0, 0, 0, 0, 0, 0]",3,0,"[9, 2, 0, 0, 0, 0, 0, 0, 0, 0]"
"[9, 2, 0, 0, 0, 0, 0, 0, 0, 0]",2,0,"[8, 2, 0, 0, 0, 0, 0, 0, 0, 0]"
"[8, 2, 0, 0, 0, 0, 0, 0, 0, 0]",4,0,"[8, 2, 0, 0, 0, 0, 0, 0, 0, 0]"
"[8, 2, 0, 0, 0, 0, 0, 0, 0, 0]",1,0,"[8, 1, 0, 0, 0, 0, 0, 0, 0, 0]"
"[8, 1, 0, 0, 0, 0, 0, 0, 0, 0]",2,0,"[7, 1, 0, 0, 0, 0, 0, 0, 0, 0]"
"[7, 1, 0, 0, 0, 0, 0, 0, 0, 0]",3,-0.5,"[7, 2, 0, 1, 0, 0, 0, 0, 0, 0]"
"[7, 2, 0, 1, 0, 0, 0, 0, 0, 0]",2,-0.5,"[7, 2, 0, 1, 0, 0, 0, 0, 0, 0]"
"[7, 2, 0, 1, 0, 0, 0, 0, 0, 0]",0,0,"[8, 2, 0, 0, 0, 0, 0, 0, 0, 0]"
"[8, 2, 0, 0, 0, 0, 0, 0, 0, 0]",1,0,"[8, 1, 0, 0, 0, 0, 0, 0, 0, 0]"
"[8, 1, 0, 0, 0, 0, 0, 0, 0, 0]",2,0,"[7, 1, 0, 0, 0, 0, 0, 0, 0, 0]"
"[7, 1, 0, 0, 0, 0, 0, 0, 0, 0]",2,0,"[6, 1, 0, 0, 0, 0, 0, 0, 0, 0]"
"[6, 1, 0, 0, 0, 0, 0, 0, 0, 0]",0,0,"[7, 1, 0, 0, 0, 0, 0, 0, 0, 0]"
"[7, 1, 0, 0, 0, 0, 0, 0, 0, 0]",4,0,"[7, 1, 0, 0, 0, 0, 0, 0, 0, 0]"
"[7, 1, 0, 0, 0, 0, 0, 0, 0, 0]",1,0,"[7, 0, 0, 0, 0, 0, 0, 0, 0, 0]"
"[7, 0, 0, 0, 0, 0, 0, 0, 0, 0]",4,0,"[7, 0, 0, 0, 0, 0, 0, 0, 0, 0]"
"[7, 0, 0, 0, 0, 0, 0, 0, 0, 0]",1,0,"[7, 0, 0, 0, 0, 0, 0, 0, 0, 0]"
"[7, 0, 0, 0, 0, 0, 0, 0, 0, 0]",1,0,"[7, 0, 0, 0, 0, 0, 0, 0, 0, 0]"
"[7, 0, 0, 0, 0, 0, 0, 0, 0, 0]",1,0,"[7, 0, 0, 0, 0, 0, 0, 0, 0, 0]"
"[7, 0, 0, 0, 0, 0, 0, 0, 0, 0]",1,0,"[7, 0, 0, 0, 0, 0, 0, 0, 0, 0]"
"[7, 0, 0, 0, 0, 0, 0, 0, 0, 0]",0,0,"[8, 0, 0, 0, 0, 0, 0, 0, 0, 0]"
"[8, 0, 0, 0, 0, 0, 0, 0, 0, 0]",1,0,"[8, 0, 0, 0, 0, 0, 0, 0, 0, 0]"
"[8, 0, 0, 0, 0, 0, 0, 0, 0, 0]",1,0,"[8, 0, 0, 0, 0, 0, 0, 0, 0, 0]"
"[8, 0, 0, 0, 0, 0, 0, 0, 0, 0]",2,0,"[7, 0, 0, 0, 0, 0, 0, 0, 0, 0]"
"[7, 0, 0, 0, 0, 0, 0, 0, 0, 0]",2,0,"[6, 0, 0, 0, 0, 0, 0, 0, 0, 0]"
"[6, 0, 0, 0, 0, 0, 0, 0, 0, 0]",1,0,"[6, 0, 0, 0, 0, 0, 0, 0, 0, 0]"
"[6, 0, 0, 0, 0, 0, 0, 0, 0, 0]",2,0,"[5, 0, 0, 0, 0, 0, 0, 0, 0, 0]"
"[5, 0, 0, 0, 0, 0, 0, 0, 0, 0]",3,0,"[5, 1, 0, 0, 0, 0, 0, 0, 0, 0]"
"[5, 1, 0, 0, 0, 0, 0, 0, 0, 0]",2,0,"[4, 1, 0, 0, 0, 0, 0, 0, 0, 0]"
"[4, 1, 0, 0, 0, 0, 0, 0, 0, 0]",3,0,"[4, 2, 0, 0, 0, 0, 0, 0, 0, 0]"
"[4, 2, 0, 0, 0, 0, 0, 0, 0, 0]",2,0,"[3, 2, 0, 0, 0, 0, 0, 0, 0, 0]"
"[3, 2, 0, 0, 0, 0, 0, 0, 0, 0]",4,0,"[3, 2, 0, 0, 0, 0, 0, 0, 0, 0]"
"[3, 2, 0, 0, 0, 0, 0, 0, 0, 0]",3,0,"[3, 3, 0, 0, 0, 0, 0, 0, 0, 0]"
"[3, 3, 0, 0, 0, 0, 0, 0, 0, 0]",4,0,"[3, 3, 0, 0, 0, 0, 0, 0, 0, 0]"
"[3, 3, 0, 0, 0, 0, 0, 0, 0, 0]",4,-0.2,"[3, 3, 0, 0, 0, 0, 0, 0, 0, 0]"
"[3, 3, 0, 0, 0, 0, 0, 0, 0, 0]",0,0,"[4, 3, 0, 0, 0, 0, 0, 0, 0, 0]"
"[4, 3, 0, 0, 0, 0, 0, 0, 0, 0]",1,0,"[4, 2, 0, 0, 0, 0, 0, 0, 0, 0]"
"[4, 2, 0, 0, 0, 0, 0, 0, 0, 0]",1,0,"[4, 1, 0, 0, 0, 0, 0, 0, 0, 0]"
"[4, 1, 0, 0, 0, 0, 0, 0, 0, 0]",2,0,"[3, 1, 0, 0, 0, 0, 0, 0, 0, 0]"
"[3, 1, 0, 0, 0, 0, 0, 0, 0, 0]",0,0,"[4, 1, 0, 0, 0, 0, 0, 0, 0, 0]"
"[4, 1, 0, 0, 0, 0, 0, 0, 0, 0]",1,0,"[4, 0, 0, 0, 0, 0, 0, 0, 0, 0]"
"[4, 0, 0, 0, 0, 0, 0, 0, 0, 0]",2,-0.5,"[3, 0, 0, 0, 0, 0, 0, 0, 0, 0]"
"[3, 0, 0, 0, 0, 0, 0, 0, 0, 0]",2,-0.5,"[2, 0, 0, 1, 0, 0, 0, 0, 0, 0]"
"[2, 0, 0, 1, 0, 0, 0, 0, 0, 0]",0,0,"[3, 0, 0, 0, 0, 0, 0, 0, 0, 0]"
"[3, 0, 0, 0, 0, 0, 0, 0, 0, 0]",3,0,"[3, 1, 0, 0, 0, 0, 0, 0, 0, 0]"
"[3, 1, 0, 0, 0, 0, 0, 0, 0, 0]",0,0,"[4, 1, 0, 0, 0, 0, 0, 0, 0, 0]"
"[4, 1, 0, 0, 0, 0, 0, 0, 0, 0]",0,0,"[5, 1, 0, 0, 0, 0, 0, 0, 0, 0]"
"[5, 1, 0, 0, 0, 0, 0, 0, 0, 0]",0,-0.5,"[6, 1, 0, 0, 0, 1, 0, 0, 0, 0]"
"[6, 1, 0, 0, 0, 1, 0, 0, 0, 0]",1,-0.5,"[6, 1, 0, 0, 0, 1, 0, 0, 0, 0]"
"[6, 1, 0, 0, 0, 1, 0, 0, 0, 0]",1,-0.5,"[6, 1, 0, 0, 0, 0, 0, 1, 0, 0]"
"[6, 1, 0, 0, 0, 0, 0, 1, 0, 0]",3,0,"[6, 2, 0, 0, 0, 0, 0, 0, 0, 0]"
"[6, 2, 0, 0, 0, 0, 0, 0, 0, 0]",2,0,"[5, 2, 0, 0, 0, 0, 0, 0, 0, 0]"
"[5, 2, 0, 0, 0, 0, 0, 0, 0, 0]",0,-0.5,"[6, 2, 0, 0, 0, 1, 0, 0, 0, 0]"
"[6, 2, 0, 0, 0, 1, 0, 0, 0, 0]",2,-0.5,"[5, 2, 0, 0, 0, 0, 0, 1, 0, 0]"
"[5, 2, 0, 0, 0, 0, 0, 1, 0, 0]",4,-0.5,"[5, 2, 0, 0, 0, 0, 0, 1, 0, 0]"
"[5, 2, 0, 0, 0, 0, 0, 1, 0, 0]",4,-0.5,"[5, 2, 0, 0, 0, 0, 0, 1, 0, 0]"
"[5, 2, 0, 0, 0, 0, 0, 1, 0, 0]",4,-0.5,"[5, 2, 0, 0, 0, 0, 0, 0, 0, 0]"
"[5, 2, 0, 0, 0, 0, 0, 0, 0, 0]",3,0,"[5, 3, 0, 0, 0, 0, 0, 0, 0, 0]"
"[5, 3, 0, 0, 0, 0, 0, 0, 0, 0]",2,0,"[4, 3, 0, 0, 0, 0, 0, 0, 0, 0]"
"[4, 3, 0, 0, 0, 0, 0, 0, 0, 0]",1,0,"[4, 2, 0, 0, 0, 0, 0, 0, 0, 0]"
"[4, 2, 0, 0, 0, 0, 0, 0, 0, 0]",4,0,"[4, 2, 0, 0, 0, 0, 0, 0, 0, 0]"
"[4, 2, 0, 0, 0, 0, 0, 0, 0, 0]",0,0,"[5, 2, 0, 0, 0, 0, 0, 0, 0, 0]"
"[5, 2, 0, 0, 0, 0, 0, 0, 0, 0]",1,0,"[5, 1, 0, 0, 0, 0, 0, 0, 0, 0]"
"[5, 1, 0, 0, 0, 0, 0, 0, 0, 0]",2,0,"[4, 1, 0, 0, 0, 0, 0, 0, 0, 0]"
"[4, 1, 0, 0, 0, 0, 0, 0, 0, 0]",2,0,"[3, 1, 0, 0, 0, 0, 0, 0, 0, 0]"
"[3, 1, 0, 0, 0, 0, 0, 0, 0, 0]",2,0,"[2, 1, 0, 0, 0, 0, 0, 0, 0, 0]"
"[2, 1, 0, 0, 0, 0, 0, 0, 0, 0]",4,0,"[2, 1, 0, 0, 0, 0, 0, 0, 0, 0]"
"[2, 1, 0, 0, 0, 0, 0, 0, 0, 0]",1,0,"[2, 0, 0, 0, 0, 0, 0, 0, 0, 0]"
"[2, 0, 0, 0, 0, 0, 0, 0, 0, 0]",3,0,"[2, 1, 0, 0, 1, 0, 0, 0, 0, 0]"
"[2, 1, 0, 0, 1, 0, 0, 0, 0, 0]",2,-0.5,"[1, 1, 0, 0, 0, 0, 0, 0, 0, 1]"
"[1, 1, 0, 0, 0, 0, 0, 0, 0, 1]",2,0,"[0, 1, 0, 0, 0, 0, 0, 0, 0, 0]"
"[0, 1, 0, 0, 0, 0, 0, 0, 0, 0]",0,-0.5,"[1, 1, 0, 0, 0, 0, 0, 0, 0, 0]"
"[1, 1, 0, 0, 0, 0, 0, 0, 0, 0]",2,0,"[0, 1, 0, 0, 0, 0, 0, 0, 0, 0]"
"[0, 1, 0, 0, 0, 0, 0, 0, 0, 0]",2,0,"[0, 1, 0, 0, 0, 0, 0, 0, 0, 0]"
"[0, 1, 0, 0, 0, 0, 0, 0, 0, 0]",2,0,"[0, 1, 0, 0, 0, 0, 0, 0, 0, 0]"
"[0, 1, 0, 0, 0, 0, 0, 0, 0, 0]",2,0,"[0, 1, 0, 0, 0, 0, 0, 0, 0, 0]"
"[0, 1, 0, 0, 0, 0, 0, 0, 0, 0]",0,0,"[1, 1, 0, 0, 0, 0, 0, 0, 0, 0]"
"[1, 1, 0, 0, 0, 0, 0, 0, 0, 0]",4,0,"[1, 1, 0, 0, 0, 0, 0, 0, 0, 1]"
"[1, 1, 0, 0, 0, 0, 0, 0, 0, 1]",0,-0.5,"[2, 1, 0, 0, 0, 0, 1, 0, 0, 0]"
"[2, 1, 0, 0, 0, 0, 1, 0, 0, 0]",3,-0.5,"[2, 1, 0, 0, 0, 0, 1, 0, 0, 0]"
"[2, 1, 0, 0, 0, 0, 1, 0, 0, 0]",4,-0.5,"[2, 1, 0, 0, 0, 0, 1, 0, 0, 0]"
"[2, 1, 0, 0, 0, 0, 1, 0, 0, 0]",1,0,"[2, 0, 0, 0, 0, 0, 0, 0, 0, 0]"
"[2, 0, 0, 0, 0, 0, 0, 0, 0, 0]",3,0,"[2, 1, 0, 0, 0, 0, 1, 0, 0, 0]"
"[2, 1, 0, 0, 0, 0, 1, 0, 0, 0]",3,-0.5,"[2, 1, 0, 0, 0, 0, 0, 0, 0, 0]"
"[2, 1, 0, 0, 0, 0, 0, 0, 0, 0]",0,0,"[3, 1, 0, 0, 1, 0, 0, 0, 0, 0]"
"[3, 1, 0, 0, 1, 0, 0, 0, 0, 0]",2,-0.5,"[2, 1, 0, 0, 0, 0, 0, 0, 0, 0]"
"[2, 1, 0, 0, 0, 0, 0, 0, 0, 0]",3,-0.5,"[2, 2, 0, 0, 0, 0, 0, 0, 0, 0]"
"[2, 2, 0, 0, 0, 0, 0, 0, 0, 0]",2,0,"[1, 2, 0, 0, 0, 0, 0, 0, 0, 0]"
"[1, 2, 0, 0, 0, 0, 0, 0, 0, 0]",0,0,"[2, 2, 0, 0, 0, 0, 0, 0, 0, 0]"
"[2, 2, 0, 0, 0, 0, 0, 0, 0, 0]",3,-0.5,"[2, 3, 0, 0, 0, 0, 0, 0, 0, 1]"
"[2, 3, 0, 0, 0, 0, 0, 0, 0, 1]",0,-0.5,"[3, 3, 0, 0, 1, 0, 0, 0, 0, 0]"
"[3, 3, 0, 0, 1, 0, 0, 0, 0, 0]",3,-0.5,"[3, 4, 0, 0, 1, 0, 0, 0, 0, 0]"
"[3, 4, 0, 0, 1, 0, 0, 0, 0, 0]",0,0,"[4, 4, 0, 0, 0, 0, 0, 0, 0, 0]"
"[4, 4, 0, 0, 0, 0, 0, 0, 0, 0]",2,0,"[3, 4, 0, 0, 1, 0, 0, 0, 0, 0]"
"[3, 4, 0, 0, 1, 0, 0, 0, 0, 0]",0,0,"[4, 4, 0, 0, 0, 0, 0, 0, 0, 0]"
"[4, 4, 0, 0, 0, 0, 0, 0, 0, 0]",1,0,"[4, 3, 0, 0, 0, 0, 0, 0, 0, 0]"
"[4, 3, 0, 0, 0, 0, 0, 0, 0, 0]",0,-0.2,"[5, 3, 0, 0, 0, 0, 0, 0, 0, 0]"
"[5, 3, 0, 0, 0, 0, 0, 0, 0, 0]",0,0,"[6, 3, 0, 0, 0, 0, 0, 0, 0, 0]"
"[6, 3, 0, 0, 0, 0, 0, 0, 0, 0]",0,0,"[7, 3, 0, 0, 0, 0, 0, 0, 0, 0]"
"[7, 3, 0, 0, 0, 0, 0, 0, 0, 0]",0,0,"[8, 3, 0, 0, 0, 0, 0, 0, 0, 0]"
"[8, 3, 0, 0, 0, 0, 0, 0, 0, 0]",2,0,"[7, 3, 0, 0, 0, 0, 0, 0, 0, 0]"
"[7, 3, 0, 0, 0, 0, 0, 0, 0, 0]",0,-0.2,"[8, 3, 0, 0, 0, 0, 0, 0, 0, 0]"
"[8, 3, 0, 0, 0, 0, 0, 0, 0, 0]",0,0,"[9, 3, 0, 0, 0, 0, 0, 0, 0, 0]"
"[9, 3, 0, 0, 0, 0, 0, 0, 0, 0]",0,0,"[10, 3, 0, 0, 0, 0, 0, 0, 0, 0]"
"[10, 3, 0, 0, 0, 0, 0, 0, 0, 0]",1,0,"[10, 2, 1, 0, 0, 0, 0, 0, 0, 0]"
"[10, 2, 1, 0, 0, 0, 0, 0, 0, 0]",4,-0.5,"[10, 2, 0, 1, 0, 0, 0, 0, 0, 0]"
"[10, 2, 0, 1, 0, 0, 0, 0, 0, 0]",4,-0.5,"[10, 2, 0, 1, 0, 0, 0, 0, 0, 0]"
"[10, 2, 0, 1, 0, 0, 0, 0, 0, 0]",2,-0.5,"[10, 2, 0, 0, 0, 0, 0, 0, 0, 0]"
"[10, 2, 0, 0, 0, 0, 0, 0, 0, 0]",4,0,"[10, 2, 0, 0, 0, 0, 0, 0, 0, 0]"
"[10, 2, 0, 0, 0, 0, 0, 0, 0, 0]",1,0,"[10, 1, 0, 0, 0, 0, 0, 0, 0, 0]"
"[10, 1, 0, 0, 0, 0, 0, 0, 0, 0]",1,0,"[10, 0, 0, 0, 0, 0, 0, 0, 0, 0]"
"[10, 0, 0, 0, 0, 0, 0, 0, 0, 0]",4,0,"[10, 0, 0, 0, 0, 0, 0, 0, 0, 0]"
"[10, 0, 0, 0, 0, 0, 0, 0, 0, 0]",0,0,"[10, 0, 0, 0, 0, 0, 0, 0, 0, 0]"
"[10, 0, 0, 0, 0, 0, 0, 0, 0, 0]",2,0,"[9, 0, 0, 0, 0, 0, 0, 0, 0, 0]"
"[9, 0, 0, 0, 0, 0, 0, 0, 0, 0]",0,0,"[10, 0, 0, 0, 0, 0, 0, 0, 0, 0]"
"[10, 0, 0, 0, 0, 0, 0, 0, 0, 0]",0,0,"[10, 0, 0, 0, 0, 0, 0, 0, 0, 0]"
"[10, 0, 0, 0, 0, 0, 0, 0, 0, 0]",1,0,"[10, 0, 0, 0, 0, 0, 0, 0, 0, 0]"
"[10, 0, 0, 0, 0, 0, 0, 0, 0, 0]",1,0,"[10, 0, 0, 0, 0, 0, 0, 0, 0, 0]"
"[10, 0, 0, 0, 0, 0, 0, 0, 0, 0]",4,0,"[10, 0, 0, 0, 0, 0, 0, 0, 0, 0]"
"[10, 0, 0, 0, 0, 0, 0, 0, 0, 0]",3,0,"[10, 1, 0, 0, 0, 0, 0, 0, 0, 0]"
"[10, 1, 0, 0, 0, 0, 0, 0, 0, 0]",0,0,"[10, 1, 0, 0, 0, 0, 0, 0, 0, 0]"
"[10, 1, 0, 0, 0, 0, 0, 0, 0, 0]",3,0,"[10, 2, 0, 0, 0, 0, 0, 0, 0, 0]"
"[10, 2, 0, 0, 0, 0, 0, 0, 0, 0]",0,0,"[10, 2, 0, 0, 0, 0, 0, 0, 0, 0]"
"[10, 2, 0, 0, 0, 0, 0, 0, 0, 0]",0,0,"[10, 2, 0, 0, 0, 0, 0, 0, 0, 0]"
"[10, 2, 0, 0, 0, 0, 0, 0, 0, 0]",4,0,"[10, 2, 0, 0, 0, 0, 0, 0, 0, 0]"
"[10, 2, 0, 0, 0, 0, 0, 0, 0, 0]",2,0,"[9, 2, 0, 0, 0, 0, 0, 0, 0, 0]"
"[9, 2, 0, 0, 0, 0, 0, 0, 0, 0]",4,0,"[9, 2, 0, 0, 0, 0, 0, 0, 0, 0]"
"[9, 2, 0, 0, 0, 0, 0, 0, 0, 0]",0,0,"[10, 2, 0, 0, 0, 0, 0, 0, 0, 0]"
"[10, 2, 0, 0, 0, 0, 0, 0, 0, 0]",3,0,"[10, 3, 0, 0, 0, 0, 0, 0, 0, 0]"
"[10, 3, 0, 0, 0, 0, 0, 0, 0, 0]",4,0,"[10, 3, 0, 0, 0, 0, 0, 0, 0, 0]"
"[10, 3, 0, 0, 0, 0, 0, 0, 0, 0]",0,0,"[10, 3, 0, 0, 0, 0, 0, 0, 0, 0]"
"[10, 3, 0, 0, 0, 0, 0, 0, 0, 0]",4,0,"[10, 3, 0, 0, 0, 0, 0, 0, 0, 0]"
"[10, 3, 0, 0, 0, 0, 0, 0, 0, 0]",3,0,"[10, 4, 0, 0, 0, 0, 0, 0, 0, 0]"
"[10, 4, 0, 0, 0, 0, 0, 0, 0, 0]",2,0,"[9, 4, 0, 0, 0, 0, 0, 0, 0, 0]"
"[9, 4, 0, 0, 0, 0, 0, 0, 0, 0]",2,0,"[8, 4, 0, 0, 0, 0, 0, 0, 0, 0]"
"[8, 4, 0, 0, 0, 0, 0, 0, 0, 0]",0,0,"[9, 4, 0, 0, 0, 0, 0, 0, 0, 1]"
"[9, 4, 0, 0, 0, 0, 0, 0, 0, 1]",1,0,"[9, 3, 0, 0, 0, 0, 0, 0, 0, 0]"
"[9, 3, 0, 0, 0, 0, 0, 0, 0, 0]",3,-0.5,"[9, 4, 0, 0, 0, 0, 0, 0, 0, 0]"
"[9, 4, 0, 0, 0, 0, 0, 0, 0, 0]",0,0,"[10, 4, 0, 0, 0, 0, 0, 0, 0, 0]"
"[10, 4, 0, 0, 0, 0, 0, 0, 0, 0]",3,0,"[10, 5, 0, 0, 0, 0, 1, 0, 0, 0]"
"[10, 5, 0, 0, 0, 0, 1, 0, 0, 0]",2,-0.5,"[9, 5, 0, 0, 0, 0, 0, 0, 0, 0]"
"[9, 5, 0, 0, 0, 0, 0, 0, 0, 0]",0,0,"[10, 5, 0, 0, 0, 0, 0, 0, 0, 0]"
"[10, 5, 0, 0, 0, 0, 0, 0, 0, 0]",3,-0.5,"[10, 6, 0, 0, 0, 0, 1, 0, 0, 0]"
"[10, 6, 0, 0, 0, 0, 1, 0, 0, 0]",3,-0.5,"[10, 6, 0, 0, 0, 0, 0, 0, 0, 0]"
"[10, 6, 0, 0, 0, 0, 0, 0, 0, 0]",0,0,"[10, 6, 0, 0, 0, 0, 0, 0, 0, 0]"
"[10, 6, 0, 0, 0, 0, 0, 0, 0, 0]",0,0,"[10, 6, 0, 0, 0, 0, 0, 0, 0, 0]"
"[10, 6, 0, 0, 0, 0, 0, 0, 0, 0]",3,-0.5,"[10, 7, 0, 0, 0, 0, 0, 0, 0, 0]"
"[10, 7, 0, 0, 0, 0, 0, 0, 0, 0]",1,0,"[10, 6, 0, 0, 0, 0, 0, 0, 0, 0]"
"[10, 6, 0, 0, 0, 0, 0, 0, 0, 0]",1,0,"[10, 5, 0, 0, 0, 0, 0, 0, 0, 0]"
"[10, 5, 0, 0, 0, 0, 0, 0, 0, 0]",1,0,"[10, 4, 0, 0, 0, 0, 0, 0, 0, 0]"
"[10, 4, 0, 0, 0, 0, 0, 0, 0, 0]",1,0,"[10, 3, 0, 0, 0, 0, 0, 0, 0, 0]"
"[10, 3, 0, 0, 0, 0, 0, 0, 0, 0]",2,0,"[9, 3, 0, 0, 0, 0, 0, 0, 0, 0]"
"[9, 3, 0, 0, 0, 0, 0, 0, 0, 0]",0,0,"[10, 3, 0, 0, 0, 0, 0, 0, 0, 0]"
"[10, 3, 0, 0, 0, 0, 0, 0, 0, 0]",0,0,"[10, 3, 0, 0, 0, 0, 0, 0, 0, 0]"
"[10, 3, 0, 0, 0, 0, 0, 0, 0, 0]",2,0,"[9, 3, 0, 0, 0, 0, 0, 0, 0, 0]"
"[9, 3, 0, 0, 0, 0, 0, 0, 0, 0]",4,0,"[9, 3, 0, 0, 0, 0, 0, 0, 0, 0]"
"[9, 3, 0, 0, 0, 0, 0, 0, 0, 0]",2,0,"[8, 3, 0, 0, 0, 0, 0, 0, 0, 0]"
"[8, 3, 0, 0, 0, 0, 0, 0, 0, 0]",3,0,"[8, 4, 0, 0, 0, 0, 0, 0, 0, 0]"
"[8, 4, 0, 0, 0, 0, 0, 0, 0, 0]",1,0,"[8, 3, 0, 0, 0, 0, 0, 0, 0, 0]"
"[8, 3, 0, 0, 0, 0, 0, 0, 0, 0]",1,0,"[8, 2, 0, 0, 0, 0, 0, 0, 0, 0]"
"[8, 2, 0, 0, 0, 0, 0, 0, 0, 0]",2,0,"[7, 2, 0, 0, 0, 0, 0, 0, 0, 0]"
"[7, 2, 0, 0, 0, 0, 0, 0, 0, 0]",1,0,"[7, 1, 0, 0, 0, 0, 0, 0, 0, 0]"
"[7, 1, 0, 0, 0, 0, 0, 0, 0, 0]",1,0,"[7, 0, 0, 0, 0, 0, 0, 0, 0, 0]"
"[7, 0, 0, 0, 0, 0, 0, 0, 0, 0]",0,0,"[8, 0, 0, 0, 0, 0, 0, 0, 0, 0]"
"[8, 0, 0, 0, 0, 0, 0, 0, 0, 0]",3,0,"[8, 1, 0, 0, 0, 0, 0, 0, 0, 0]"
"[8, 1, 0, 0, 0, 0, 0, 0, 0, 0]",0,0,"[9, 1, 0, 0, 0, 0, 0, 0, 0, 0]"
"[9, 1, 0, 0, 0, 0, 0, 0, 0, 0]",0,0,"[10, 1, 0, 0, 0, 0, 0, 0, 0, 0]"
"[10, 1, 0, 0, 0, 0, 0, 0, 0, 0]",4,0,"[10, 1, 0, 0, 0, 0, 0, 0, 0, 0]"
"[10, 1, 0, 0, 0, 0, 0, 0, 0, 0]",0,0,"[10, 1, 0, 0, 0, 0, 0, 0, 0, 0]"
"[10, 1, 0, 0, 0, 0, 0, 0, 0, 0]",1,0,"[10, 0, 0, 0, 0, 0, 0, 0, 0, 0]"
"[10, 0, 0, 0, 0, 0, 0, 0, 0, 0]",0,0,"[10, 0, 0, 0, 0, 0, 0, 0, 0, 0]"
"[10, 0, 0, 0, 0, 0, 0, 0, 0, 0]",3,0,"[10, 1, 0, 0, 0, 0, 0, 0, 0, 0]"
"[10, 1, 0, 0, 0, 0, 0, 0, 0, 0]",4,0,"[10, 1, 0, 0, 0, 0, 0, 0, 0, 0]"
"[10, 1, 0, 0, 0, 0, 0, 0, 0, 0]",4,0,"[10, 1, 0, 0, 0, 0, 0, 0, 0, 0]"
"[10, 1, 0, 0, 0, 0, 0, 0, 0, 0]",4,0,"[10, 1, 0, 0, 0, 0, 0, 0, 0, 0]"
"[10, 1, 0, 0, 0, 0, 0, 0, 0, 0]",1,0,"[10, 0, 0, 0, 0, 0, 0, 0, 0, 0]"
"[10, 0, 0, 0, 0, 0, 0, 0, 0, 0]",1,0,"[10, 0, 0, 0, 0, 0, 0, 0, 0, 0]"
"[10, 0, 0, 0, 0, 0, 0, 0, 0, 0]",1,0,"[10, 0, 0, 0, 0, 0, 0, 0, 0, 0]"
"[10, 0, 0, 0, 0, 0, 0, 0, 0, 0]",1,0,"[10, 0, 0, 0, 0, 0, 0, 0, 0, 0]"
"[10, 0, 0, 0, 0, 0, 0, 0, 0, 0]",2,0,"[9, 0, 0, 0, 0, 0, 0, 0, 0, 0]"
"[9, 0, 0, 0, 0, 0, 0, 0, 0, 0]",3,0,"[9, 1, 0, 0, 0, 0, 0, 0, 0, 0]"
"[9, 1, 0, 0, 0, 0, 0, 0, 0, 0]",4,0,"[9, 1, 0, 0, 0, 0, 0, 0, 0, 0]"
"[9, 1, 0, 0, 0, 0, 0, 0, 0, 0]",3,0,"[9, 2, 0, 0, 0, 0, 0, 0, 0, 0]"
"[9, 2, 0, 0, 0, 0, 0, 0, 0, 0]",2,0,"[8, 2, 0, 0, 0, 0, 0, 0, 0, 0]"
"[8, 2, 0, 0, 0, 0, 0, 0, 0, 0]",3,0,"[8, 3, 0, 0, 0, 0, 0, 0, 0, 0]"
"[8, 3, 0, 0, 0, 0, 0, 0, 0, 0]",4,0,"[8, 3, 0, 0, 0, 0, 0, 0, 0, 0]"
"[8, 3, 0, 0, 0, 0, 0, 0, 0, 0]",1,0,"[8, 2, 0, 0, 0, 0, 0, 0, 0, 0]"
"[8, 2, 0, 0, 0, 0, 0, 0, 0, 0]",4,0,"[8, 2, 0, 0, 0, 0, 0, 0, 0, 0]"
"[8, 2, 0, 0, 0, 0, 0, 0, 0, 0]",0,0,"[9, 2, 0, 0, 0, 0, 0, 0, 0, 0]"
"[9, 2, 0, 0, 0, 0, 0, 0, 0, 0]",2,0,"[8, 2, 0, 0, 0, 0, 0, 0, 0, 0]"
"[8, 2, 0, 0, 0, 0, 0, 0, 0, 0]",2,0,"[7, 2, 0, 0, 0, 0, 0, 0, 0, 0]"
"[7, 2, 0, 0, 0, 0, 0, 0, 0, 0]",1,0,"[7, 1, 0, 0, 0, 0, 0, 0, 0, 0]"
"[7, 1, 0, 0, 0, 0, 0, 0, 0, 0]",4,0,"[7, 1, 0, 0, 0, 0, 0, 0, 0, 0]"
"[7, 1, 0, 0, 0, 0, 0, 0, 0, 0]",4,0,"[7, 1, 0, 0, 0, 0, 0, 0, 0, 0]"
"[7, 1, 0, 0, 0, 0, 0, 0, 0, 0]",3,0,"[7, 2, 0, 0, 0, 0, 0, 0, 0, 0]"
"[7, 2, 0, 0, 0, 0, 0, 0, 0, 0]",2,0,"[6, 2, 0, 0, 0, 0, 0, 0, 0, 0]"
"[6, 2, 0, 0, 0, 0, 0, 0, 0, 0]",3,0,"[6, 3, 0, 0, 0, 0, 0, 0, 0, 0]"
"[6, 3, 0, 0, 0, 0, 0, 0, 0, 0]",0,0,"[7, 3, 0, 0, 0, 0, 0, 0, 0, 0]"
"[7, 3, 0, 0, 0, 0, 0, 0, 0, 0]",4,0,"[7, 3, 0, 0, 0, 0, 0, 0, 0, 0]"
"[7, 3, 0, 0, 0, 0, 0, 0, 0, 0]",3,0,"[7, 4, 0, 0, 0, 0, 0, 0, 0, 0]"
"[7, 4, 0, 0, 0, 0, 0, 0, 0, 0]",3,-0.5,"[7, 5, 0, 0, 0, 0, 0, 0, 0, 0]"
"[7, 5, 0, 0, 0, 0, 0, 0, 0, 0]",1,0,"[7, 4, 0, 0, 0, 0, 0, 0, 0, 0]"
"[7, 4, 0, 0, 0, 0, 0, 0, 0, 0]",4,0,"[7, 4, 0, 0, 0, 0, 0, 0, 0, 0]"
"[7, 4, 0, 0, 0, 0, 0, 0, 0, 0]",0,-0.5,"[8, 4, 0, 0, 0, 0, 0, 0, 0, 0]"
"[8, 4, 0, 0, 0, 0, 0, 0, 0, 0]",4,0,"[8, 4, 0, 0, 0, 0, 0, 0, 0, 0]"
"[8, 4, 0, 0, 0, 0, 0, 0, 0, 0]",1,0,"[8, 3, 0, 0, 0, 0, 0, 0, 0, 0]"
"[8, 3, 0, 0, 0, 0, 0, 0, 0, 0]",3,0,"[8, 4, 0, 0, 0, 0, 0, 0, 0, 0]"
"[8, 4, 0, 0, 0, 0, 0, 0, 0, 0]",0,0,"[9, 4, 0, 0, 0, 0, 0, 0, 0, 1]"
"[9, 4, 0, 0, 0, 0, 0, 0, 0, 1]",3,-0.5,"[9, 5, 0, 0, 0, 0, 0, 0, 1, 0]"
"[9, 5, 0, 0, 0, 0, 0, 0, 1, 0]",0,-0.5,"[9, 5, 0, 0, 0, 0, 0, 1, 0, 0]"
"[9, 5, 0, 0, 0, 0, 0, 1, 0, 0]",4,-0.5,"[9, 5, 0, 0, 0, 0, 0, 1, 0, 0]"
"[9, 5, 0, 0, 0, 0, 0, 1, 0, 0]",4,-0.5,"[9, 5, 0, 0, 0, 0, 0, 0, 1, 0]"
"[9, 5, 0, 0, 0, 0, 0, 0, 1, 0]",1,-0.5,"[9, 4, 0, 0, 0, 0, 1, 0, 0, 0]"
"[9, 4, 0, 0, 0, 0, 1, 0, 0, 0]",1,0,"[9, 3, 0, 0, 0, 0, 0, 0, 0, 0]"
"[9, 3, 0, 0, 0, 0, 0, 0, 0, 0]",0,0,"[10, 3, 0, 0, 0, 0, 0, 0, 0, 0]"
"[10, 3, 0, 0, 0, 0, 0, 0, 0, 0]",2,0,"[9, 3, 0, 0, 0, 0, 0, 0, 0, 0]"
"[9, 3, 0, 0, 0, 0, 0, 0, 0, 0]",2,0,"[8, 3, 0, 0, 0, 0, 0, 0, 0, 0]"
"[8, 3, 0, 0, 0, 0, 0, 0, 0, 0]",1,0,"[8, 2, 0, 0, 0, 0, 0, 0, 0, 0]"
"[8, 2, 0, 0, 0, 0, 0, 0, 0, 0]",1,0,"[8, 1, 0, 0, 0, 0, 0, 0, 0, 0]"
"[8, 1, 0, 0, 0, 0, 0, 0, 0, 0]",0,0,"[9, 1, 0, 0, 0, 0, 0, 0, 0, 0]"
"[9, 1, 0, 0, 0, 0, 0, 0, 0, 0]",1,0,"[9, 0, 0, 0, 0, 0, 0, 0, 0, 0]"
"[9, 0, 0, 0, 0, 0, 0, 0, 0, 0]",0,0,"[10, 0, 0, 0, 0, 0, 0, 0, 0, 0]"
"[10, 0, 0, 0, 0, 0, 0, 0, 0, 0]",3,0,"[10, 1, 0, 0, 0, 0, 0, 0, 0, 0]"
"[10, 1, 0, 0, 0, 0, 0, 0, 0, 0]",1,0,"[10, 0, 0, 0, 0, 0, 0, 0, 0, 0]"
"[10, 0, 0, 0, 0, 0, 0, 0, 0, 0]",1,0,"[10, 0, 0, 0, 0, 0, 0, 0, 0, 0]"
"[10, 0, 0, 0, 0, 0, 0, 0, 0, 0]",4,0,"[10, 0, 0, 0, 0, 0, 0, 0, 0, 0]"
"[10, 0, 0, 0, 0, 0, 0, 0, 0, 0]",4,0,"[10, 0, 0, 0, 0, 0, 0, 0, 0, 0]"
"[10, 0, 0, 0, 0, 0, 0, 0, 0, 0]",3,0,"[10, 1, 0, 0, 0, 0, 0, 0, 0, 0]"
"[10, 1, 0, 0, 0, 0, 0, 0, 0, 0]",4,0,"[10, 1, 0, 0, 0, 0, 0, 0, 0, 0]"
"[10, 1, 0, 0, 0, 0, 0, 0, 0, 0]",1,0,"[10, 0, 0, 0, 0, 0, 0, 0, 0, 0]"
"[10, 0, 0, 0, 0, 0, 0, 0, 0, 0]",2,0,"[9, 0, 0, 0, 0, 0, 0, 0, 0, 0]"
"[9, 0, 0, 0, 0, 0, 0, 0, 0, 0]",4,0,"[9, 0, 0, 0, 0, 0, 0, 0, 0, 0]"
"[9, 0, 0, 0, 0, 0, 0, 0, 0, 0]",0,0,"[10, 0, 0, 0, 0, 0, 0, 0, 0, 0]"
"[10, 0, 0, 0, 0, 0, 0, 0, 0, 0]",3,0,"[10, 1, 0, 0, 0, 0, 0, 0, 0, 0]"
"[10, 1, 0, 0, 0, 0, 0, 0, 0, 0]",2,0,"[9, 1, 0, 0, 0, 0, 0, 0, 0, 0]"
"[9, 1, 0, 0, 0, 0, 0, 0, 0, 0]",1,0,"[9, 0, 0, 0, 0, 0, 0, 0, 0, 0]"
"[9, 0, 0, 0, 0, 0, 0, 0, 0, 0]",3,0,"[9, 1, 0, 0, 0, 0, 0, 0, 0, 0]"
"[9, 1, 0, 0, 0, 0, 0, 0, 0, 0]",0,0,"[10, 1, 0, 0, 0, 0, 0, 0, 0, 0]"
"[10, 1, 0, 0, 0, 0, 0, 0, 0, 0]",4,0,"[10, 1, 0, 0, 0, 0, 0, 0, 0, 0]"
"[10, 1, 0, 0, 0, 0, 0, 0, 0, 0]",4,0,"[10, 1, 0, 0, 1, 0, 0, 0, 0, 0]"
"[10, 1, 0, 0, 1, 0, 0, 0, 0, 0]",0,-0.5,"[10, 1, 0, 0, 0, 0, 1, 0, 0, 0]"
"[10, 1, 0, 0, 0, 0, 1, 0, 0, 0]",1,0,"[10, 0, 0, 0, 0, 0, 0, 0, 0, 0]"
"[10, 0, 0, 0, 0, 0, 0, 0, 0, 0]",4,0,"[10, 0, 0, 0, 0, 0, 0, 0, 0, 0]"
"[10, 0, 0, 0, 0, 0, 0, 0, 0, 0]",0,0,"[10, 0, 0, 0, 0, 0, 0, 0, 0, 0]"
"[10, 0, 0, 0, 0, 0, 0, 0, 0, 0]",4,0,"[10, 0, 0, 0, 0, 0, 0, 0, 0, 0]"
"[10, 0, 0, 0, 0, 0, 0, 0, 0, 0]",2,0,"[9, 0, 0, 0, 0, 0, 0, 0, 0, 0]"
"[9, 0, 0, 0, 0, 0, 0, 0, 0, 0]",2,0,"[8, 0, 0, 0, 0, 0, 0, 0, 0, 0]"
"[8, 0, 0, 0, 0, 0, 0, 0, 0, 0]",3,0,"[8, 1, 0, 0, 0, 0, 0, 0, 0, 0]"
"[8, 1, 0, 0, 0, 0, 0, 0, 0, 0]",0,0,"[9, 1, 0, 0, 0, 0, 0, 0, 0, 0]"
"[9, 1, 0, 0, 0, 0, 0, 0, 0, 0]",1,0,"[9, 0, 0, 0, 0, 0, 0, 0, 0, 0]"
"[9, 0, 0, 0, 0, 0, 0, 0, 0, 0]",3,0,"[9, 1, 0, 0, 0, 0, 0, 0, 0, 0]"
"[9, 1, 0, 0, 0, 0, 0, 0, 0, 0]",0,0,"[10, 1, 0, 0, 0, 0, 0, 0, 0, 0]"
"[10, 1, 0, 0, 0, 0, 0, 0, 0, 0]",2,0,"[9, 1, 0, 0, 0, 0, 0, 0, 0, 0]"
"[9, 1, 0, 0, 0, 0, 0, 0, 0, 0]",3,0,"[9, 2, 0, 0, 0, 0, 0, 0, 0, 0]"
"[9, 2, 0, 0, 0, 0, 0, 0, 0, 0]",1,0,"[9, 1, 0, 0, 0, 0, 0, 0, 0, 0]"
"[9, 1, 0, 0, 0, 0, 0, 0, 0, 0]",4,0,"[9, 1, 0, 0, 0, 0, 0, 0, 0, 0]"
"[9, 1, 0, 0, 0, 0, 0, 0, 0, 0]",3,0,"[9, 2, 0, 0, 0, 0, 0, 0, 0, 0]"
"[9, 2, 0, 0, 0, 0, 0, 0, 0, 0]",1,0,"[9, 1, 0, 0, 0, 0, 0, 0, 0, 0]"
"[9, 1, 0, 0, 0, 0, 0, 0, 0, 0]",3,0,"[9, 2, 0, 0, 0, 0, 0, 0, 0, 0]"
"[9, 2, 0, 0, 0, 0, 0, 0, 0, 0]",3,0,"[9, 3, 0, 0, 0, 0, 0, 0, 0, 0]"
"[9, 3, 0, 0, 0, 0, 0, 0, 0, 0]",0,0,"[10, 3, 0, 0, 0, 0, 0, 0, 0, 0]"
"[10, 3, 0, 0, 0, 0, 0, 0, 0, 0]",0,0,"[10, 3, 0, 0, 0, 0, 0, 0, 0, 0]"
"[10, 3, 0, 0, 0, 0, 0, 0, 0, 0]",3,0,"[10, 4, 0, 0, 0, 0, 0, 0, 0, 0]"
"[10, 4, 0, 0, 0, 0, 0, 0, 0, 0]",3,-0.5,"[10, 5, 0, 0, 0, 0, 1, 0, 0, 0]"
"[10, 5, 0, 0, 0, 0, 1, 0, 0, 0]",0,-0.5,"[10, 5, 0, 0, 0, 0, 1, 0, 0, 0]"
"[10, 5, 0, 0, 0, 0, 1, 0, 0, 0]",2,-0.5,"[9, 5, 0, 0, 0, 0, 0, 0, 0, 1]"
"[9, 5, 0, 0, 0, 0, 0, 0, 0, 1]",0,-0.5,"[10, 5, 0, 0, 1, 0, 0, 0, 0, 0]"
"[10, 5, 0, 0, 1, 0, 0, 0, 0, 0]",4,-0.5,"[10, 5, 0, 0, 0, 0, 0, 0, 0, 0]"
"[10, 5, 0, 0, 0, 0, 0, 0, 0, 0]",0,0,"[10, 5, 0, 0, 0, 0, 0, 0, 0, 0]"
"[10, 5, 0, 0, 0, 0, 0, 0, 0, 0]",4,0,"[10, 5, 0, 0, 0, 0, 0, 0, 0, 0]"
"[10, 5, 0, 0, 0, 0, 0, 0, 0, 0]",2,-0.5,"[9, 5, 0, 0, 0, 0, 0, 0, 0, 0]"
"[9, 5, 0, 0, 0, 0, 0, 0, 0, 0]",2,-0.5,"[8, 5, 0, 0, 0, 0, 0, 0, 0, 0]"
"[8, 5, 0, 0, 0, 0, 0, 0, 0, 0]",0,0,"[9, 5, 0, 0, 0, 0, 0, 0, 0, 0]"
"[9, 5, 0, 0, 0, 0, 0, 0, 0, 0]",1,0,"[9, 4, 0, 0, 0, 0, 0, 0, 0, 0]"
"[9, 4, 0, 0, 0, 0, 0, 0, 0, 0]",3,0,"[9, 5, 0, 0, 0, 0, 0, 0, 0, 0]"
"[9, 5, 0, 0, 0, 0, 0, 0, 0, 0]",0,0,"[10, 5, 0, 0, 0, 0, 0, 0, 0, 0]"
"[10, 5, 0, 0, 0, 0, 0, 0, 0, 0]",1,0,"[10, 4, 0, 0, 0, 0, 0, 0, 0, 0]"
"[10, 4, 0, 0, 0, 0, 0, 0, 0, 0]",0,0,"[10, 4, 0, 0, 0, 0, 0, 0, 0, 0]"
"[10, 4, 0, 0, 0, 0, 0, 0, 0, 0]",2,0,"[9, 4, 0, 0, 0, 0, 0, 0, 0, 0]"
"[9, 4, 0, 0, 0, 0, 0, 0, 0, 0]",2,0,"[8, 4, 0, 0, 1, 0, 0, 0, 0, 0]"
"[8, 4, 0, 0, 1, 0, 0, 0, 0, 0]",2,-0.5,"[7, 4, 0, 0, 0, 0, 0, 0, 0, 1]"
"[7, 4, 0, 0, 0, 0, 0, 0, 0, 1]",2,0,"[6, 4, 0, 0, 0, 0, 0, 0, 0, 0]"
"[6, 4, 0, 0, 0, 0, 0, 0, 0, 0]",1,0,"[6, 3, 0, 0, 0, 0, 0, 0, 0, 0]"
"[6, 3, 0, 0, 0, 0, 0, 0, 0, 0]",0,0,"[7, 3, 0, 0, 0, 0, 0, 0, 0, 0]"
"[7, 3, 0, 0, 0, 0, 0, 0, 0, 0]",2,0,"[6, 3, 0, 0, 0, 0, 0, 0, 0, 0]"
"[6, 3, 0, 0, 0, 0, 0, 0, 0, 0]",1,0,"[6, 2, 0, 0, 0, 0, 0, 0, 0, 0]"
"[6, 2, 0, 0, 0, 0, 0, 0, 0, 0]",4,0,"[6, 2, 0, 0, 0, 0, 0, 0, 0, 0]"
"[6, 2, 0, 0, 0, 0, 0, 0, 0, 0]",2,0,"[5, 2, 0, 0, 0, 0, 0, 0, 0, 0]"
"[5, 2, 0, 0, 0, 0, 0, 0, 0, 0]",0,0,"[6, 2, 0, 0, 0, 0, 0, 0, 0, 0]"
"[6, 2, 0, 0, 0, 0, 0, 0, 0, 0]",2,0,"[5, 2, 0, 0, 0, 0, 0, 0, 0, 0]"
"[5, 2, 0, 0, 0, 0, 0, 0, 0, 0]",0,0,"[6, 2, 0, 0, 0, 0, 0, 0, 0, 0]"
"[6, 2, 0, 0, 0, 0, 0, 0, 0, 0]",4,0,"[6, 2, 0, 0, 0, 0, 0, 0, 0, 0]"
"[6, 2, 0, 0, 0, 0, 0, 0, 0, 0]",0,0,"[7, 2, 0, 0, 0, 0, 0, 0, 0, 0]"
"[7, 2, 0, 0, 0, 0, 0, 0, 0, 0]",2,0,"[6, 2, 0, 0, 0, 0, 0, 0, 0, 0]"
"[6, 2, 0, 0, 0, 0, 0, 0, 0, 0]",3,0,"[6, 3, 0, 0, 0, 0, 0, 0, 0, 0]"
"[6, 3, 0, 0, 0, 0, 0, 0, 0, 0]",0,0,"[7, 3, 0, 0, 0, 0, 0, 0, 0, 0]"
"[7, 3, 0, 0, 0, 0, 0, 0, 0, 0]",0,0,"[8, 3, 0, 0, 0, 0, 0, 0, 0, 0]"
"[8, 3, 0, 0, 0, 0, 0, 0, 0, 0]",1,0,"[8, 2, 0, 0, 0, 0, 0, 0, 0, 0]"
"[8, 2, 0, 0, 0, 0, 0, 0, 0, 0]",3,0,"[8, 3, 0, 0, 0, 0, 0, 0, 0, 0]"
"[8, 3, 0, 0, 0, 0, 0, 0, 0, 0]",3,0,"[8, 4, 0, 0, 0, 0, 0, 0, 0, 0]"
"[8, 4, 0, 0, 0, 0, 0, 0, 0, 0]",1,0,"[8, 3, 0, 0, 0, 0, 0, 0, 0, 0]"
"[8, 3, 0, 0, 0, 0, 0, 0, 0, 0]",0,0,"[9, 3, 0, 0, 0, 0, 0, 0, 0, 0]"
"[9, 3, 0, 0, 0, 0, 0, 0, 0, 0]",1,0,"[9, 2, 0, 0, 0, 0, 0, 0, 0, 0]"
"[9, 2, 0, 0, 0, 0, 0, 0, 0, 0]",4,0,"[9, 2, 0, 0, 0, 0, 0, 0, 0, 0]"
"[9, 2, 0, 0, 0, 0, 0, 0, 0, 0]",2,0,"[8, 2, 0, 0, 0, 0, 0, 0, 0, 0]"
"[8, 2, 0, 0, 0, 0, 0, 0, 0, 0]",1,0,"[8, 1, 0, 0, 0, 0, 0, 0, 0, 0]"
"[8, 1, 0, 0, 0, 0, 0, 0, 0, 0]",1,0,"[8, 0, 0, 0, 0, 0, 0, 0, 0, 0]"
"[8, 0, 0, 0, 0, 0, 0, 0, 0, 0]",4,0,"[8, 0, 0, 0, 0, 0, 0, 0, 0, 0]"
"[8, 0, 0, 0, 0, 0, 0, 0, 0, 0]",2,0,"[7, 0, 0, 0, 0, 0, 0, 0, 0, 0]"
"[7, 0, 0, 0, 0, 0, 0, 0, 0, 0]",4,0,"[7, 0, 0, 0, 0, 0, 0, 0, 0, 0]"
"[7, 0, 0, 0, 0, 0, 0, 0, 0, 0]",4,0,"[7, 0, 0, 0, 0, 0, 0, 0, 0, 0]"
"[7, 0, 0, 0, 0, 0, 0, 0, 0, 0]",2,0,"[6, 0, 0, 0, 0, 0, 0, 0, 0, 0]"
"[6, 0, 0, 0, 0, 0, 0, 0, 0, 0]",0,0,"[7, 0, 0, 0, 0, 0, 0, 0, 0, 0]"
"[7, 0, 0, 0, 0, 0, 0, 0, 0, 0]",2,0,"[6, 0, 0, 0, 0, 0, 0, 0, 0, 0]"
"[6, 0, 0, 0, 0, 0, 0, 0, 0, 0]",4,0,"[6, 0, 0, 0, 0, 0, 0, 0, 0, 0]"
"[6, 0, 0, 0, 0, 0, 0, 0, 0, 0]",1,0,"[6, 0, 0, 0, 0, 0, 0, 0, 0, 0]"
"[6, 0, 0, 0, 0, 0, 0, 0, 0, 0]",0,0,"[7, 0, 0, 0, 0, 0, 0, 0, 0, 0]"
"[7, 0, 0, 0, 0, 0, 0, 0, 0, 0]",1,0,"[7, 0, 0, 0, 0, 0, 0, 0, 0, 0]"
"[7, 0, 0, 0, 0, 0, 0, 0, 0, 0]",1,0,"[7, 0, 0, 0, 0, 0, 0, 0, 0, 0]"
"[7, 0, 0, 0, 0, 0, 0, 0, 0, 0]",4,0,"[7, 0, 0, 0, 0, 0, 0, 0, 0, 0]"
"[7, 0, 0, 0, 0, 0, 0, 0, 0, 0]",2,0,"[6, 0, 0, 0, 0, 0, 0, 0, 0, 0]"
"[6, 0, 0, 0, 0, 0, 0, 0, 0, 0]",0,0,"[7, 0, 0, 0, 0, 0, 0, 0, 0, 0]"
"[7, 0, 0, 0, 0, 0, 0, 0, 0, 0]",2,0,"[6, 0, 0, 0, 0, 0, 0, 0, 0, 0]"
"[6, 0, 0, 0, 0, 0, 0, 0, 0, 0]",0,0,"[7, 0, 0, 0, 0, 0, 0, 0, 0, 0]"
"[7, 0, 0, 0, 0, 0, 0, 0, 0, 0]",2,0,"[6, 0, 0, 0, 0, 0, 0, 0, 0, 0]"
"[6, 0, 0, 0, 0, 0, 0, 0, 0, 0]",0,0,"[7, 0, 0, 0, 0, 0, 0, 0, 0, 0]"
"[7, 0, 0, 0, 0, 0, 0, 0, 0, 0]",0,0,"[8, 0, 0, 0, 0, 0, 0, 0, 0, 0]"
"[8, 0, 0, 0, 0, 0, 0, 0, 0, 0]",3,0,"[8, 1, 0, 0, 0, 0, 0, 0, 0, 0]"
"[8, 1, 0, 0, 0, 0, 0, 0, 0, 0]",2,0,"[7, 1, 0, 0, 0, 0, 0, 0, 0, 0]"
"[7, 1, 0, 0, 0, 0, 0, 0, 0, 0]",3,0,"[7, 2, 0, 0, 0, 0, 0, 0, 0, 0]"
"[7, 2, 0, 0, 0, 0, 0, 0, 0, 0]",2,0,"[6, 2, 0, 0, 0, 0, 0, 0, 0, 0]"
"[6, 2, 0, 0, 0, 0, 0, 0, 0, 0]",1,0,"[6, 1, 0, 0, 0, 0, 0, 0, 0, 0]"
"[6, 1, 0, 0, 0, 0, 0, 0, 0, 0]",3,0,"[6, 2, 0, 0, 0, 0, 0, 0, 0, 1]"
"[6, 2, 0, 0, 0, 0, 0, 0, 0, 1]",3,-0.5,"[6, 3, 0, 0, 0, 0, 0, 0, 1, 0]"
"[6, 3, 0, 0, 0, 0, 0, 0, 1, 0]",3,-0.5,"[6, 4, 0, 0, 0, 1, 0, 0, 0, 0]"
"[6, 4, 0, 0, 0, 1, 0, 0, 0, 0]",3,0,"[6, 5, 0, 0, 0, 0, 0, 0, 0, 0]"
"[6, 5, 0, 0, 0, 0, 0, 0, 0, 0]",0,0,"[7, 5, 0, 0, 0, 0, 0, 0, 0, 0]"
"[7, 5, 0, 0, 0, 0, 0, 0, 0, 0]",1,-0.5,"[7, 4, 0, 0, 0, 0, 0, 0, 0, 0]"
"[7, 4, 0, 0, 0, 0, 0, 0, 0, 0]",2,0,"[6, 4, 0, 0, 0, 0, 0, 0, 0, 0]"
"[6, 4, 0, 0, 0, 0, 0, 0, 0, 0]",1,0,"[6, 3, 0, 0, 0, 0, 0, 0, 0, 0]"
"[6, 3, 0, 0, 0, 0, 0, 0, 0, 0]",0,0,"[7, 3, 0, 0, 0, 0, 0, 0, 0, 0]"
"[7, 3, 0, 0, 0, 0, 0, 0, 0, 0]",3,0,"[7, 4, 0, 0, 0, 0, 0, 0, 0, 0]"
"[7, 4, 0, 0, 0, 0, 0, 0, 0, 0]",4,0,"[7, 4, 0, 0, 0, 0, 0, 0, 0, 0]"
"[7, 4, 0, 0, 0, 0, 0, 0, 0, 0]",4,0,"[7, 4, 0, 0, 0, 0, 0, 0, 0, 0]"
"[7, 4, 0, 0, 0, 0, 0, 0, 0, 0]",1,0,"[7, 3, 0, 0, 0, 0, 0, 0, 0, 0]"
"[7, 3, 0, 0, 0, 0, 0, 0, 0, 0]",4,0,"[7, 3, 0, 0, 0, 0, 0, 0, 0, 0]"
"[7, 3, 0, 0, 0, 0, 0, 0, 0, 0]",4,0,"[7, 3, 0, 0, 0, 0, 0, 0, 0, 0]"
"[7, 3, 0, 0, 0, 0, 0, 0, 0, 0]",2,0,"[6, 3, 0, 0, 0, 0, 0, 0, 0, 0]"
"[6, 3, 0, 0, 0, 0, 0, 0, 0, 0]",1,0,"[6, 2, 0, 0, 0, 0, 0, 0, 0, 0]"
"[6, 2, 0, 0, 0, 0, 0, 0, 0, 0]",1,0,"[6, 1, 0, 0, 0, 0, 0, 0, 0, 0]"
"[6, 1, 0, 0, 0, 0, 0, 0, 0, 0]",4,0,"[6, 1, 0, 0, 0, 0, 0, 0, 0, 0]"
"[6, 1, 0, 0, 0, 0, 0, 0, 0, 0]",2,0,"[5, 1, 0, 0, 0, 0, 0, 0, 0, 0]"
"[5, 1, 0, 0, 0, 0, 0, 0, 0, 0]",2,0,"[4, 1, 0, 0, 0, 0, 0, 0, 0, 0]"
"[4, 1, 0, 0, 0, 0, 0, 0, 0, 0]",4,0,"[4, 1, 0, 0, 0, 0, 0, 0, 0, 0]"
"[4, 1, 0, 0, 0, 0, 0, 0, 0, 0]",0,0,"[5, 1, 0, 0, 0, 0, 0, 0, 0, 0]"
"[5, 1, 0, 0, 0, 0, 0, 0, 0, 0]",4,0,"[5, 1, 0, 0, 0, 0, 0, 0, 0, 0]"
"[5, 1, 0, 0, 0, 0, 0, 0, 0, 0]",4,0,"[5, 1, 0, 0, 0, 0, 0, 0, 0, 0]"
"[5, 1, 0, 0, 0, 0, 0, 0, 0, 0]",0,0,"[6, 1, 0, 0, 0, 0, 0, 0, 0, 0]"
"[6, 1, 0, 0, 0, 0, 0, 0, 0, 0]",4,0,"[6, 1, 0, 0, 0, 0, 0, 0, 0, 0]"
"[6, 1, 0, 0, 0, 0, 0, 0, 0, 0]",3,0,"[6, 2, 0, 0, 0, 0, 0, 0, 0, 0]"
"[6, 2, 0, 0, 0, 0, 0, 0, 0, 0]",4,0,"[6, 2, 0, 0, 0, 0, 0, 0, 0, 0]"
"[6, 2, 0, 0, 0, 0, 0, 0, 0, 0]",0,0,"[7, 2, 0, 0, 0, 0, 0, 0, 0, 0]"
"[7, 2, 0, 0, 0, 0, 0, 0, 0, 0]",0,0,"[8, 2, 0, 0, 0, 0, 0, 0, 0, 0]"
"[8, 2, 0, 0, 0, 0, 0, 0, 0, 0]",2,0,"[7, 2, 0, 0, 0, 0, 0, 0, 0, 0]"
"[7, 2, 0, 0, 0, 0, 0, 0, 0, 0]",2,0,"[6, 2, 0, 0, 0, 0, 0, 0, 0, 0]"
"[6, 2, 0, 0, 0, 0, 0, 0, 0, 0]",1,0,"[6, 1, 0, 0, 0, 0, 0, 0, 0, 0]"
"[6, 1, 0, 0, 0, 0, 0, 0, 0, 0]",1,0,"[6, 0, 0, 0, 0, 0, 0, 0, 0, 0]"
"[6, 0, 0, 0, 0, 0, 0, 0, 0, 0]",2,0,"[5, 0, 0, 0, 0, 0, 0, 0, 0, 0]"
"[5, 0, 0, 0, 0, 0, 0, 0, 0, 0]",1,0,"[5, 0, 0, 0, 0, 0, 0, 0, 0, 0]"
"[5, 0, 0, 0, 0, 0, 0, 0, 0, 0]",2,0,"[4, 0, 0, 0, 0, 0, 0, 0, 0, 0]"
"[4, 0, 0, 0, 0, 0, 0, 0, 0, 0]",3,0,"[4, 1, 0, 0, 0, 0, 0, 0, 0, 0]"
"[4, 1, 0, 0, 0, 0, 0, 0, 0, 0]",4,0,"[4, 1, 0, 0, 0, 0, 0, 0, 0, 0]"
"[4, 1, 0, 0, 0, 0, 0, 0, 0, 0]",0,0,"[5, 1, 0, 0, 0, 0, 0, 0, 0, 0]"
"[5, 1, 0, 0, 0, 0, 0, 0, 0, 0]",4,0,"[5, 1, 0, 0, 0, 0, 0, 0, 0, 0]"
"[5, 1, 0, 0, 0, 0, 0, 0, 0, 0]",0,0,"[6, 1, 0, 0, 0, 0, 0, 0, 0, 0]"
"[6, 1, 0, 0, 0, 0, 0, 0, 0, 0]",4,0,"[6, 1, 0, 0, 0, 0, 0, 0, 0, 0]"
"[6, 1, 0, 0, 0, 0, 0, 0, 0, 0]",1,0,"[6, 0, 0, 0, 0, 0, 0, 0, 0, 0]"
"[6, 0, 0, 0, 0, 0, 0, 0, 0, 0]",1,0,"[6, 0, 0, 0, 0, 0, 0, 0, 0, 0]"
"[6, 0, 0, 0, 0, 0, 0, 0, 0, 0]",2,0,"[5, 0, 0, 0, 0, 0, 0, 0, 0, 0]"
"[5, 0, 0, 0, 0, 0, 0, 0, 0, 0]",4,0,"[5, 0, 0, 0, 0, 0, 0, 0, 0, 0]"
"[5, 0, 0, 0, 0, 0, 0, 0, 0, 0]",2,0,"[4, 0, 0, 0, 0, 0, 0, 0, 0, 0]"
"[4, 0, 0, 0, 0, 0, 0, 0, 0, 0]",1,0,"[4, 0, 0, 0, 0, 0, 0, 0, 0, 0]"
"[4, 0, 0, 0, 0, 0, 0, 0, 0, 0]",2,0,"[3, 0, 0, 0, 0, 0, 0, 0, 0, 0]"
"[3, 0, 0, 0, 0, 0, 0, 0, 0, 0]",4,0,"[3, 0, 0, 0, 0, 0, 0, 0, 0, 0]"
"[3, 0, 0, 0, 0, 0, 0, 0, 0, 0]",1,0,"[3, 0, 0, 0, 0, 0, 0, 0, 0, 0]"
"[3, 0, 0, 0, 0, 0, 0, 0, 0, 0]",0,0,"[4, 0, 0, 0, 0, 0, 0, 0, 0, 0]"
"[4, 0, 0, 0, 0, 0, 0, 0, 0, 0]",2,0,"[3, 0, 0, 0, 0, 0, 0, 0, 0, 0]"
"[3, 0, 0, 0, 0, 0, 0, 0, 0, 0]",2,0,"[2, 0, 0, 0, 0, 0, 0, 0, 0, 0]"
"[2, 0, 0, 0, 0, 0, 0, 0, 0, 0]",0,0,"[3, 0, 0, 0, 0, 0, 0, 0, 0, 0]"
"[3, 0, 0, 0, 0, 0, 0, 0, 0, 0]",2,0,"[2, 0, 0, 0, 0, 0, 0, 0, 0, 0]"
"[2, 0, 0, 0, 0, 0, 0, 0, 0, 0]",2,0,"[1, 0, 0, 0, 0, 0, 0, 0, 0, 0]"
"[1, 0, 0, 0, 0, 0, 0, 0, 0, 0]",3,0,"[1, 1, 0, 0, 0, 0, 0, 0, 0, 0]"
"[1, 1, 0, 0, 0, 0, 0, 0, 0, 0]",4,0,"[1, 1, 0, 0, 0, 0, 0, 0, 0, 0]"
"[1, 1, 0, 0, 0, 0, 0, 0, 0, 0]",1,0,"[1, 0, 0, 0, 0, 0, 0, 0, 0, 0]"
"[1, 0, 0, 0, 0, 0, 0, 0, 0, 0]",3,0,"[1, 1, 0, 0, 0, 0, 0, 0, 0, 0]"
"[1, 1, 0, 0, 0, 0, 0, 0, 0, 0]",3,0,"[1, 2, 0, 0, 0, 0, 0, 0, 0, 0]"
"[1, 2, 0, 0, 0, 0, 0, 0, 0, 0]",1,0,"[1, 1, 0, 0, 0, 0, 0, 0, 0, 0]"
"[1, 1, 0, 0, 0, 0, 0, 0, 0, 0]",4,0,"[1, 1, 0, 0, 0, 0, 0, 0, 0, 0]"
"[1, 1, 0, 0, 0, 0, 0, 0, 0, 0]",1,0,"[1, 0, 0, 0, 0, 0, 0, 0, 0, 0]"
"[1, 0, 0, 0, 0, 0, 0, 0, 0, 0]",4,0,"[1, 0, 0, 0, 0, 0, 0, 0, 0, 0]"
"[1, 0, 0, 0, 0, 0, 0, 0, 0, 0]",0,0,"[2, 0, 0, 0, 0, 0, 0, 0, 0, 0]"
"[2, 0, 0, 0, 0, 0, 0, 0, 0, 0]",2,0,"[1, 0, 0, 0, 0, 0, 0, 0, 0, 0]"
"[1, 0, 0, 0, 0, 0, 0, 0, 0, 0]",2,0,"[0, 0, 0, 0, 0, 0, 0, 0, 0, 0]"
"[0, 0, 0, 0, 0, 0, 0, 0, 0, 0]",2,0,"[0, 0, 0, 0, 0, 0, 0, 0, 0, 0]"
"[0, 0, 0, 0, 0, 0, 0, 0, 0, 0]",2,0,"[0, 0, 0, 0, 0, 0, 0, 0, 0, 0]"
"[0, 0, 0, 0, 0, 0, 0, 0, 0, 0]",0,0,"[1, 0, 0, 0, 0, 0, 0, 0, 0, 0]"
"[1, 0, 0, 0, 0, 0, 0, 0, 0, 0]",4,0,"[1, 0, 0, 0, 0, 0, 0, 0, 0, 0]"
"[1, 0, 0, 0, 0, 0, 0, 0, 0, 0]",3,0,"[1, 1, 0, 0, 0, 0, 0, 0, 0, 0]"
"[1, 1, 0, 0, 0, 0, 0, 0, 0, 0]",2,0,"[0, 1, 0, 0, 0, 0, 0, 0, 0, 0]"
"[0, 1, 0, 0, 0, 0, 0, 0, 0, 0]",0,0,"[1, 1, 0, 0, 0, 0, 0, 0, 0, 0]"
"[1, 1, 0, 0, 0, 0, 0, 0, 0, 0]",3,0,"[1, 2, 0, 0, 0, 0, 1, 0, 0, 0]"
"[1, 2, 0, 0, 0, 0, 1, 0, 0, 0]",4,-0.5,"[1, 2, 0, 0, 0, 0, 1, 0, 0, 0]"
"[1, 2, 0, 0, 0, 0, 1, 0, 0, 0]",4,-0.5,"[1, 2, 0, 0, 1, 0, 0, 0, 0, 0]"
"[1, 2, 0, 0, 1, 0, 0, 0, 0, 0]",4,-0.5,"[1, 2, 0, 0, 0, 0, 0, 0, 0, 0]"
"[1, 2, 0, 0, 0, 0, 0, 0, 0, 0]",1,0,"[1, 1, 0, 0, 0, 0, 0, 0, 0, 0]"
"[1, 1, 0, 0, 0, 0, 0, 0, 0, 0]",0,0,"[2, 1, 0, 0, 0, 0, 0, 0, 0, 0]"
"[2, 1, 0, 0, 0, 0, 0, 0, 0, 0]",1,0,"[2, 0, 0, 0, 0, 0, 0, 0, 0, 0]"
"[2, 0, 0, 0, 0, 0, 0, 0, 0, 0]",3,0,"[2, 1, 0, 0, 0, 0, 0, 0, 0, 0]"
"[2, 1, 0, 0, 0, 0, 0, 0, 0, 0]",1,0,"[2, 0, 0, 0, 0, 0, 0, 0, 0, 0]"
"[2, 0, 0, 0, 0, 0, 0, 0, 0, 0]",2,0,"[1, 0, 0, 0, 0, 0, 0, 0, 0, 0]"
"[1, 0, 0, 0, 0, 0, 0, 0, 0, 0]",3,-0.5,"[1, 1, 0, 0, 0, 0, 1, 0, 0, 0]"
"[1, 1, 0, 0, 0, 0, 1, 0, 0, 0]",0,-0.5,"[2, 1, 0, 0, 0, 0, 0, 0, 0, 0]"
"[2, 1, 0, 0, 0, 0, 0, 0, 0, 0]",0,0,"[3, 1, 0, 0, 0, 0, 0, 0, 0, 0]"
"[3, 1, 0, 0, 0, 0, 0, 0, 0, 0]",0,0,"[4, 1, 0, 0, 0, 0, 0, 0, 0, 0]"
"[4, 1, 0, 0, 0, 0, 0, 0, 0, 0]",2,0,"[3, 1, 0, 0, 0, 0, 0, 0, 0, 0]"
"[3, 1, 0, 0, 0, 0, 0, 0, 0, 0]",2,-0.5,"[2, 1, 0, 1, 0, 0, 0, 0, 0, 0]"
"[2, 1, 0, 1, 0, 0, 0, 0, 0, 0]",2,-0.5,"[2, 1, 0, 0, 1, 0, 0, 0, 0, 0]"
"[2, 1, 0, 0, 1, 0, 0, 0, 0, 0]",3,-0.5,"[2, 2, 0, 0, 1, 0, 0, 0, 0, 0]"
"[2, 2, 0, 0, 1, 0, 0, 0, 0, 0]",2,-0.5,"[1, 2, 0, 0, 0, 0, 1, 0, 0, 0]"
"[1, 2, 0, 0, 0, 0, 1, 0, 0, 0]",0,-0.5,"[2, 2, 0, 0, 0, 0, 0, 0, 0, 0]"
"[2, 2, 0, 0, 0, 0, 0, 0, 0, 0]",0,0,"[3, 2, 0, 0, 0, 0, 0, 0, 0, 0]"
"[3, 2, 0, 0, 0, 0, 0, 0, 0, 0]",2,0,"[2, 2, 0, 0, 0, 0, 0, 0, 0, 0]"
"[2, 2, 0, 0, 0, 0, 0, 0, 0, 0]",3,0,"[2, 3, 0, 0, 0, 0, 0, 0, 0, 0]"
"[2, 3, 0, 0, 0, 0, 0, 0, 0, 0]",0,0,"[3, 3, 0, 0, 0, 0, 0, 0, 0, 0]"
"[3, 3, 0, 0, 0, 0, 0, 0, 0, 0]",2,0,"[2, 3, 0, 0, 0, 0, 0, 0, 0, 0]"
"[2, 3, 0, 0, 0, 0, 0, 0, 0, 0]",3,0,"[2, 4, 1, 0, 0, 0, 0, 0, 0, 0]"
"[2, 4, 1, 0, 0, 0, 0, 0, 0, 0]",2,-0.5,"[1, 4, 0, 0, 0, 1, 0, 0, 0, 0]"
"[1, 4, 0, 0, 0, 1, 0, 0, 0, 0]",2,-0.5,"[0, 4, 0, 0, 0, 0, 0, 1, 0, 0]"
"[0, 4, 0, 0, 0, 0, 0, 1, 0, 0]",1,-0.5,"[0, 3, 0, 0, 0, 0, 0, 0, 0, 1]"
"[0, 3, 0, 0, 0, 0, 0, 0, 0, 1]",1,0,"[0, 2, 0, 0, 0, 0, 0, 0, 0, 0]"
"[0, 2, 0, 0, 0, 0, 0, 0, 0, 0]",4,0,"[0, 2, 0, 0, 0, 0, 0, 0, 0, 0]"
"[0, 2, 0, 0, 0, 0, 0, 0, 0, 0]",2,0,"[0, 2, 0, 0, 0, 0, 0, 0, 0, 0]"
"[0, 2, 0, 0, 0, 0, 0, 0, 0, 0]",1,0,"[0, 1, 0, 0, 0, 0, 0, 0, 0, 0]"
"[0, 1, 0, 0, 0, 0, 0, 0, 0, 0]",1,0,"[0, 0, 0, 0, 0, 0, 0, 0, 0, 0]"
"[0, 0, 0, 0, 0, 0, 0, 0, 0, 0]",3,0,"[0, 1, 0, 0, 0, 0, 0, 0, 0, 0]"
"[0, 1, 0, 0, 0, 0, 0, 0, 0, 0]",4,0,"[0, 1, 0, 0, 0, 0, 0, 0, 0, 0]"
"[0, 1, 0, 0, 0, 0, 0, 0, 0, 0]",3,0,"[0, 2, 0, 0, 0, 0, 0, 0, 0, 0]"
"[0, 2, 0, 0, 0, 0, 0, 0, 0, 0]",1,0,"[0, 1, 0, 0, 0, 0, 0, 0, 0, 0]"
"[0, 1, 0, 0, 0, 0, 0, 0, 0, 0]",3,0,"[0, 2, 0, 0, 0, 0, 0, 0, 0, 0]"
"[0, 2, 0, 0, 0, 0, 0, 0, 0, 0]",3,0,"[0, 3, 0, 0, 0, 0, 0, 0, 0, 0]"
"[0, 3, 0, 0, 0, 0, 0, 0, 0, 0]",4,0,"[0, 3, 0, 0, 0, 0, 0, 0, 0, 0]"
"[0, 3, 0, 0, 0, 0, 0, 0, 0, 0]",3,0,"[0, 4, 0, 0, 0, 0, 0, 0, 0, 0]"
"[0, 4, 0, 0, 0, 0, 0, 0, 0, 0]",0,0,"[1, 4, 0, 0, 0, 0, 0, 0, 0, 0]"
"[1, 4, 0, 0, 0, 0, 0, 0, 0, 0]",0,0,"[2, 4, 0, 0, 0, 0, 0, 0, 0, 0]"
"[2, 4, 0, 0, 0, 0, 0, 0, 0, 0]",0,0,"[3, 4, 0, 0, 0, 0, 0, 0, 0, 0]"
"[3, 4, 0, 0, 0, 0, 0, 0, 0, 0]",4,0,"[3, 4, 0, 0, 0, 0, 0, 0, 0, 0]"
"[3, 4, 0, 0, 0, 0, 0, 0, 0, 0]",2,0,"[2, 4, 0, 0, 0, 0, 0, 0, 0, 0]"
"[2, 4, 0, 0, 0, 0, 0, 0, 0, 0]",2,0,"[1, 4, 0, 0, 0, 0, 0, 0, 0, 0]"
"[1, 4, 0, 0, 0, 0, 0, 0, 0, 0]",2,0,"[0, 4, 0, 0, 0, 0, 0, 0, 0, 0]"
"[0, 4, 0, 0, 0, 0, 0, 0, 0, 0]",4,0,"[0, 4, 0, 0, 0, 0, 0, 0, 0, 0]"
"[0, 4, 0, 0, 0, 0, 0, 0, 0, 0]",3,0,"[0, 5, 0, 0, 0, 0, 0, 0, 0, 0]"
"[0, 5, 0, 0, 0, 0, 0, 0, 0, 0]",1,0,"[0, 4, 0, 0, 0, 0, 0, 0, 0, 0]"
"[0, 4, 0, 0, 0, 0, 0, 0, 0, 0]",4,0,"[0, 4, 0, 0, 0, 0, 0, 0, 0, 0]"
"[0, 4, 0, 0, 0, 0, 0, 0, 0, 0]",0,0,"[1, 4, 0, 0, 0, 0, 0, 0, 0, 0]"
"[1, 4, 0, 0, 0, 0, 0, 0, 0, 0]",4,0,"[1, 4, 0, 0, 0, 0, 0, 0, 0, 0]"
"[1, 4, 0, 0, 0, 0, 0, 0, 0, 0]",2,0,"[0, 4, 0, 0, 0, 0, 0, 0, 0, 0]"
"[0, 4, 0, 0, 0, 0, 0, 0, 0, 0]",0,0,"[1, 4, 0, 0, 0, 0, 0, 0, 0, 0]"
"[1, 4, 0, 0, 0, 0, 0, 0, 0, 0]",1,0,"[1, 3, 0, 0, 0, 0, 0, 0, 0, 0]"
"[1, 3, 0, 0, 0, 0, 0, 0, 0, 0]",2,0,"[0, 3, 0, 0, 0, 0, 0, 0, 0, 0]"
"[0, 3, 0, 0, 0, 0, 0, 0, 0, 0]",0,0,"[1, 3, 0, 0, 0, 0, 0, 0, 0, 0]"
"[1, 3, 0, 0, 0, 0, 0, 0, 0, 0]",0,0,"[2, 3, 0, 0, 0, 0, 0, 0, 0, 0]"
"[2, 3, 0, 0, 0, 0, 0, 0, 0, 0]",1,0,"[2, 2, 0, 0, 0, 0, 0, 0, 0, 0]"
"[2, 2, 0, 0, 0, 0, 0, 0, 0, 0]",3,0,"[2, 3, 0, 0, 0, 0, 0, 0, 0, 0]"
"[2, 3, 0, 0, 0, 0, 0, 0, 0, 0]",0,0,"[3, 3, 0, 0, 0, 0, 0, 0, 0, 0]"
"[3, 3, 0, 0, 0, 0, 0, 0, 0, 0]",3,0,"[3, 4, 0, 0, 0, 0, 0, 0, 0, 0]"
"[3, 4, 0, 0, 0, 0, 0, 0, 0, 0]",2,0,"[2, 4, 0, 0, 0, 0, 0, 0, 0, 0]"
"[2, 4, 0, 0, 0, 0, 0, 0, 0, 0]",4,0,"[2, 4, 0, 0, 0, 0, 0, 0, 0, 0]"
"[2, 4, 0, 0, 0, 0, 0, 0, 0, 0]",3,0,"[2, 5, 0, 0, 0, 0, 0, 0, 0, 0]"
"[2, 5, 0, 0, 0, 0, 0, 0, 0, 0]",2,0,"[1, 5, 0, 0, 0, 0, 1, 0, 0, 0]"
"[1, 5, 0, 0, 0, 0, 1, 0, 0, 0]",3,-0.5,"[1, 5, 0, 0, 1, 0, 0, 0, 0, 0]"
"[1, 5, 0, 0, 1, 0, 0, 0, 0, 0]",3,-0.5,"[1, 6, 0, 1, 0, 0, 0, 0, 0, 0]"
"[1, 6, 0, 1, 0, 0, 0, 0, 0, 0]",0,0,"[2, 6, 0, 0, 0, 0, 0, 0, 0, 0]"
"[2, 6, 0, 0, 0, 0, 0, 0, 0, 0]",0,0,"[3, 6, 0, 0, 0, 0, 0, 0, 0, 0]"
